 55.069751739502, -3.6118984222412
 55.06986618042, -3.6145877838135
 55.069007873535, -3.6161613464355
 55.067577362061, -3.6129856109619
 55.068645477295, -3.6104679107666
 55.069446563721, -3.6090087890625
 55.06929397583, -3.607006072998
 55.07022857666, -3.6044597625732
 55.070304870605, -3.6014556884766
 55.070343017578, -3.5982799530029
 55.070400238037, -3.5953044891357
 55.070323944092, -3.5928726196289
 55.069961547852, -3.5897254943848
 55.069618225098, -3.5867214202881
 55.069046020508, -3.5826015472412
 55.068683624268, -3.5793972015381
 55.068664550781, -3.5763072967529
 55.069046020508, -3.5720157623291
 55.069122314453, -3.5694408416748
 55.068740844727, -3.5473823547363
 55.065650939941, -3.5105895996094
 55.059223175049, -3.4773445129395
 55.044727325439, -3.4500217437744
 55.033493041992, -3.4155464172363
 55.033493041992, -3.4155464172363
 55.008659362793, -3.3364391326904
 54.998016357422, -3.2952404022217
 54.989395141602, -3.2692050933838
 54.988117218018, -3.2671737670898
 54.986991882324, -3.2645416259766
 54.987392425537, -3.2623386383057
 54.987392425537, -3.2598209381104
 54.987277984619, -3.2579612731934
 54.986782073975, -3.255615234375
 54.986667633057, -3.253698348999
 54.986515045166, -3.2505512237549
 54.986476898193, -3.250150680542
 54.98592376709, -3.24462890625
 54.985446929932, -3.2411098480225
 54.984340667725, -3.2072067260742
 54.985179901123, -3.1893539428711
 54.98514175415, -3.1848907470703
 54.986381530762, -3.180456161499
 54.986476898193, -3.1774520874023
 54.986381530762, -3.174877166748
 54.985809326172, -3.1727027893066
 54.984931945801, -3.1689548492432
 54.984760284424, -3.1667232513428
 54.985637664795, -3.1431484222412
 54.991798400879, -3.1068134307861
 54.996490478516, -3.0793476104736
 54.996452331543, -3.0776596069336
 54.996032714844, -3.0742263793945
 54.995460510254, -3.0704784393311
 54.995288848877, -3.0672740936279
 54.995174407959, -3.0628395080566
 54.995307922363, -3.0596923828125
 54.996738433838, -3.057918548584
 54.995613098145, -3.0549430847168
 54.995613098145, -3.0550003051758
 54.995574951172, -3.0549716949463
 54.995594024658, -3.0549716949463
 54.995594024658, -3.0549716949463
 54.995613098145, -3.0549430847168
 54.995632171631, -3.0550003051758
 54.995632171631, -3.0550003051758
 54.995632171631, -3.0550003051758
 54.995651245117, -3.0552005767822
 54.992141723633, -3.0520820617676
 54.982604980469, -3.0287933349609
 54.975509643555, -3.0102252960205
 54.95548248291, -2.9847049713135
 54.935989379883, -2.9615879058838
 54.927806854248, -2.9462242126465
 54.919204711914, -2.9435920715332
 54.918613433838, -2.9433345794678
 54.916515350342, -2.942361831665
 54.915046691895, -2.9417037963867
 54.912014007568, -2.9396438598633
 54.910068511963, -2.9378128051758
 54.907360076904, -2.9373550415039
 54.9045753479, -2.937126159668
 54.902515411377, -2.9372119903564
 54.89933013916, -2.9352378845215
 54.897766113281, -2.9376125335693
 54.896335601807, -2.9399013519287
 54.895496368408, -2.9427909851074
 54.895000457764, -2.9449939727783
 54.893684387207, -2.9485416412354
 54.892501831055, -2.9511451721191
 54.891262054443, -2.9537487030029
 54.890289306641, -2.955150604248
 54.885921478271, -2.9650211334229
 54.874076843262, -2.9776096343994
 54.862613677979, -3.0003261566162
 54.851036071777, -3.0260181427002
 54.845752716064, -3.0587196350098
 54.848728179932, -3.0956840515137
 54.839115142822, -3.123722076416
 54.830074310303, -3.1494998931885
 54.828548431396, -3.1526756286621
 54.827575683594, -3.1542205810547
 54.826850891113, -3.1561088562012
 54.825916290283, -3.1588840484619
 54.824714660645, -3.1613731384277
 54.822959899902, -3.1651210784912
 54.822616577148, -3.1691265106201
 54.822330474854, -3.1718730926514
 54.822216033936, -3.1737613677979
 54.821910858154, -3.1768226623535
 54.81761932373, -3.2038593292236
 54.804248809814, -3.2486915588379
 54.789600372314, -3.2780456542969
 54.774551391602, -3.3063125610352
 54.771404266357, -3.3119201660156
 54.768848419189, -3.3154964447021
 54.767475128174, -3.3173274993896
 54.766101837158, -3.3193016052246
 54.765338897705, -3.321704864502
 54.764652252197, -3.3246231079102
 54.764404296875, -3.3263397216797
 54.76411819458, -3.3296012878418
 54.763622283936, -3.3328914642334
 54.762439727783, -3.3371829986572
 54.761905670166, -3.3406162261963
 54.759883880615, -3.3595848083496
 54.747791290283, -3.3922004699707
 54.737110137939, -3.4194946289062
 54.72749710083, -3.4499645233154
 54.719867706299, -3.4824657440186
 54.718379974365, -3.4871006011963
 54.716930389404, -3.4896469116211
 54.714965820312, -3.4942531585693
 54.713001251221, -3.4960842132568
 54.711208343506, -3.4972858428955
 54.710216522217, -3.4978580474854
 54.70853805542, -3.4995746612549
 54.707698822021, -3.501033782959
 54.706001281738, -3.5041236877441
 54.704895019531, -3.5065269470215
 54.702854156494, -3.5095024108887
 54.700679779053, -3.5105609893799
 54.699039459229, -3.5125923156738
 54.697265625, -3.5140800476074
 54.695091247559, -3.5154819488525
 54.693031311035, -3.5173416137695
 54.691181182861, -3.519229888916
 54.689445495605, -3.5206031799316
 54.687538146973, -3.5223197937012
 54.686698913574, -3.523120880127
 54.679489135742, -3.533878326416
 54.664173126221, -3.5514736175537
 54.650459289551, -3.5510444641113
 54.647254943848, -3.5523891448975
 54.645957946777, -3.556079864502
 54.644737243652, -3.5557079315186
 54.643993377686, -3.5528469085693
 54.643249511719, -3.5487842559814
 54.642753601074, -3.5457515716553
 54.642944335938, -3.5433197021484
 54.643039703369, -3.5397434234619
 54.642848968506, -3.5367393493652
 54.643020629883, -3.5328769683838
 54.642448425293, -3.5317325592041
 54.642353057861, -3.5311603546143
 54.642353057861, -3.5311603546143
 54.642391204834, -3.5311603546143
 54.642333984375, -3.5311031341553
 54.642333984375, -3.5310745239258
 54.642333984375, -3.5310745239258
 54.642333984375, -3.5310745239258
 54.642333984375, -3.5310745239258
 54.642333984375, -3.5310745239258
 54.642333984375, -3.5310745239258
 54.642830595671, -3.5335360166058
 54.642830595671, -3.5335360166058
 54.642830595671, -3.5335360166058
 54.642830595671, -3.5335360166058
 54.642830595671, -3.5335360166058
 54.642830595671, -3.5335360166058
 54.642830595671, -3.5335360166058
 54.642830595671, -3.5335360166058
 54.642830595671, -3.5335360166058
 54.642830595671, -3.5335360166058
 54.642830595671, -3.5335360166058
 54.642830595671, -3.5335360166058
 54.642830595671, -3.5335360166058
 54.642830595671, -3.5335360166058
 54.642830595671, -3.5335360166058
 54.642830595671, -3.5335360166058
 54.642830595671, -3.5335360166058
 54.642830595671, -3.5335360166058
 54.642830595671, -3.5335360166058
 54.642830595671, -3.5335360166058
 54.642830595671, -3.5335360166058
 54.642848968506, -3.5352230072021
 54.642734527588, -3.5383129119873
 54.643421173096, -3.5426902770996
 54.641513824463, -3.5437774658203
 54.640350341797, -3.5446071624756
 54.63924407959, -3.5477828979492
 54.638824462891, -3.5506439208984
 54.638156890869, -3.5527324676514
 54.637069702148, -3.5545349121094
 54.635887145996, -3.5563945770264
 54.634666442871, -3.5573101043701
 54.632835388184, -3.5595417022705
 54.631099700928, -3.5611438751221
 54.628849029541, -3.563175201416
 54.626293182373, -3.5644054412842
 54.624691009521, -3.5648059844971
 54.624691009521, -3.5648059844971
 54.614219665527, -3.5484981536865
 54.603595733643, -3.5326480865479
 54.587688446045, -3.5515594482422
 54.572467803955, -3.5723304748535
 54.560604095459, -3.5781097412109
 54.552536010742, -3.5826587677002
 54.551944732666, -3.5846614837646
 54.55020904541, -3.5864067077637
 54.548931121826, -3.5863494873047
 54.547500610352, -3.5870933532715
 54.548397064209, -3.5893821716309
 54.548435211182, -3.5892105102539
 54.548492431641, -3.5891819000244
 54.548835754395, -3.5895824432373
 54.550590515137, -3.5874938964844
 54.550590515137, -3.5874938964844
 54.550590515137, -3.5874938964844
 54.550590515137, -3.5874938964844
 54.550590515137, -3.5874938964844
 54.552599416699, -3.5828387813883
 54.579048156738, -3.5611724853516
 54.600048065186, -3.5429191589355
 54.609794616699, -3.5226345062256
 54.623050689697, -3.5012626647949
 54.643402099609, -3.475341796875
 54.656028747559, -3.4554290771484
 54.665908813477, -3.4203243255615
 54.664859771729, -3.3880805969238
 54.664897918701, -3.3806419372559
 54.664211273193, -3.376636505127
 54.663581848145, -3.3737182617188
 54.663200378418, -3.3704853057861
 54.663619995117, -3.3664512634277
 54.663734436035, -3.3634471893311
 54.664421081543, -3.3614444732666
 54.665431976318, -3.3587837219238
 54.666023254395, -3.3553791046143
 54.66667175293, -3.3516883850098
 54.667358398438, -3.3485984802246
 54.668216705322, -3.3457946777344
 54.668769836426, -3.3411312103271
 54.660682678223, -3.3037948608398
 54.662418365479, -3.2900333404541
 54.662418365479, -3.2900333404541
 54.662418365479, -3.2900333404541
 54.662418365479, -3.2900333404541
 54.662418365479, -3.2900333404541
 54.60536458392, -3.1459134147216
 54.604326395166, -3.1439766292051
 54.605331420898, -3.1460952758789
 54.604682922363, -3.1446647644043
 54.602355957031, -3.1408023834229
 54.601707458496, -3.1390857696533
 54.601364135742, -3.1352519989014
 54.601440429688, -3.132791519165
 54.601440429688, -3.132791519165
 54.601440429688, -3.132791519165
 54.601440429688, -3.132791519165
 54.601440429688, -3.132791519165
 54.602, -3.11633
 54.60068, -3.11793
 54.59863, -3.11824
 54.59694, -3.11664
 54.596579620125, -3.1160268850206
 54.596500396729, -3.1085014343262
 54.590473175049, -3.0994606018066
 54.590473175049, -3.0994606018066
 54.590473175049, -3.0994606018066
 54.590473175049, -3.0994606018066
 54.590473175049, -3.0994606018066
 54.471737, -3.025698
 54.471737, -3.025698
 54.477634429932, -3.0276489257812
 54.477634429932, -3.0276775360107
 54.477672576904, -3.0276489257812
 54.477634429932, -3.0275630950928
 54.477596282959, -3.0276489257812
 54.477634429932, -3.0276203155518
 54.477577209473, -3.0276489257812
 54.477577209473, -3.0275917053223
 54.468688964844, -3.0238723754883
 54.467506408691, -3.0228710174561
 54.465961456299, -3.021183013916
 54.464073181152, -3.0222129821777
 54.462280273438, -3.0224418640137
 54.460945129395, -3.023042678833
 54.46008682251, -3.0237865447998
 54.457778930664, -3.0240726470947
 54.456405639648, -3.0208969116211
 54.455375671387, -3.0184936523438
 54.454174041748, -3.0171203613281
 54.452342987061, -3.0166339874268
 54.441013336182, -3.0352878570557
 54.44860458374, -3.0154037475586
 54.446430206299, -3.0124568939209
 54.452616928976, -3.0166367444643
 54.45048, -3.0162
 54.44878, -3.00858
 54.44895, -2.99364
 54.44539, -2.97879
 54.43723, -2.97002
 54.435787200928, -2.9689693450928
 54.43431854248, -2.9658794403076
 54.433498382568, -2.9629039764404
 54.432849884033, -2.9629039764404
 54.431095123291, -2.9622459411621
 54.428768157959, -2.9623031616211
 54.428234100342, -2.9652786254883
 54.427852630615, -2.9668807983398
 54.426021575928, -2.9671669006348
 54.425220489502, -2.9674243927002
 54.42289352417, -2.9673385620117
 54.422206878662, -2.9660797119141
 54.421272277832, -2.9629898071289
 54.419918060303, -2.9616165161133
 54.41987991333, -2.9615306854248
 54.413223266602, -2.9520320892334
 54.401741027832, -2.9401874542236
 54.401741027832, -2.9401874542236
 54.381580352783, -2.9179286956787
 54.419586034897, -2.9628355388589
 54.419586034897, -2.9628355388589
 54.419586034897, -2.9628355388589
 54.419586034897, -2.9628355388589
 54.419586034897, -2.9628355388589
 54.417703068427, -2.964688151723
 54.414656640503, -2.9642122088348
 54.410502055764, -2.9600873704697
 54.410502055764, -2.9600873704697
 54.406347050031, -2.9558038844752
 54.402099275687, -2.9546933510693
 54.402099275687, -2.9546933510693
 54.39692747832, -2.9535828176633
 54.393140570351, -2.94898203641
 54.393140570351, -2.94898203641
 54.388891428247, -2.9424774836036
 54.388891428247, -2.9424774836036
 54.383995132001, -2.9358142831678
 54.383995132001, -2.9358142831678
 54.37604895546, -2.9318480924321
 54.37604895546, -2.9318480924321
 54.368101240679, -2.9304202637673
 54.368101240679, -2.9304202637673
 54.366252714439, -2.9278819016965
 54.363106065623, -2.9238165355296
 54.362468719482, -2.920503616333
 54.36243057251, -2.920389175415
 54.362487792969, -2.920389175415
 54.362487792969, -2.920389175415
 54.362487792969, -2.920389175415
 54.362487792969, -2.920389175415
 54.361363355432, -2.9259626287011
