 53.583185426825, -0.070270344154338
 53.583185426825, -0.070270344154338
 53.58304977417, -0.069751739501953
 53.583030700684, -0.069723129272461
 53.583011627197, -0.069723129272461
 53.583030700684, -0.069751739501953
 53.583030700684, -0.069751739501953
 53.58247756958, -0.068721771240234
 53.579921722412, -0.069923400878906
 53.578205108643, -0.071239471435547
 53.577709197998, -0.071611404418945
 53.576641082764, -0.073585510253906
 53.575305938721, -0.075473785400391
 53.574676513672, -0.077934265136719
 53.573932647705, -0.078334808349609
 53.573951721191, -0.079965591430664
 53.572902679443, -0.080509185791016
 53.5719871521, -0.080766677856445
 53.57084274292, -0.083627700805664
 53.566627502441, -0.087604522705078
 53.566246032715, -0.08397102355957
 53.565235137939, -0.086803436279297
 53.564205169678, -0.087776184082031
 53.563365936279, -0.090522766113281
 53.561191558838, -0.09221076965332
 53.558979034424, -0.092010498046875
 53.557147979736, -0.091638565063477
 53.554782867432, -0.090837478637695
 53.552875518799, -0.091180801391602
 53.550910949707, -0.092525482177734
 53.550701141357, -0.092439651489258
 53.548717498779, -0.091695785522461
 53.548030853271, -0.091495513916016
 53.545417785645, -0.091667175292969
 53.543453216553, -0.092182159423828
 53.541011810303, -0.092697143554688
 53.538761138916, -0.092782974243164
 53.53630065918, -0.090093612670898
 53.534374237061, -0.088291168212891
 53.53157043457, -0.085430145263672
 53.530826568604, -0.084571838378906
 53.529663085938, -0.083227157592773
 53.528747558594, -0.08213996887207
 53.521785736084, -0.075244903564453
 53.506278991699, -0.067234039306641
 53.482856750488, -0.068492889404297
 53.463134765625, -0.061454772949219
 53.451690673828, -0.054502487182617
 53.430709838867, -0.039596557617188
 53.399257659912, -0.026836395263672
 53.382663726807, -0.013217926025391
 53.376007080078, -0.011615753173828
 53.374805450439, -0.01215934753418
 53.373031616211, -0.012331008911133
 53.370761871338, -0.010843276977539
 53.370170593262, -0.010471343994141
 53.367195129395, -0.00823974609375
 53.366527557373, -0.0075244903564453
 53.365421295166, -0.0063800811767578
 53.364849090576, -0.0060939788818359
 53.361778259277, -0.0046062469482422
 53.354873657227, -0.0023174285888672
 53.345985412598, 0.017023086547852
 53.342475891113, 0.040082931518555
 53.341636657715, 0.045948028564453
 53.341636657715, 0.045948028564453
 53.341636657715, 0.045948028564453
 53.341636657715, 0.045948028564453
 53.341636657715, 0.045948028564453
 53.31619028, 0.1441283440087
 53.31758706, 0.14659832450753
 53.3181403, 0.14835001456561
 53.326873779297, 0.090150833129883
 53.324680328369, 0.12937545776367
 53.317375183105, 0.14236450195312
 53.316478729248, 0.14485359191895
 53.317775726318, 0.14711380004883
 53.318557739258, 0.14986038208008
 53.320198059082, 0.15252113342285
 53.321437835693, 0.15549659729004
 53.325157165527, 0.16199111938477
 53.314914703369, 0.17961502075195
 53.314914703369, 0.17961502075195
 53.314914703369, 0.17961502075195
 53.311805725098, 0.20092964172363
 53.313541412354, 0.20261764526367
 53.314399719238, 0.20310401916504
 53.317375183105, 0.2054500579834
 53.319683074951, 0.20673751831055
 53.32145690918, 0.20882606506348
 53.332748413086, 0.23131370544434
 53.338642120361, 0.24724960327148
 53.338413238525, 0.25202751159668
 53.340110778809, 0.25657653808594
 53.341636657715, 0.26095390319824
 53.34005355835, 0.2632999420166
 53.339405059814, 0.26384353637695
 53.337917327881, 0.26510238647461
 53.337917327881, 0.26510238647461
 53.337917327881, 0.26510238647461
 53.337917327881, 0.26510238647461
 53.337917327881, 0.26510238647461
 53.338191837328, 0.26604361791841
 53.338191837328, 0.26604361791841
 53.338191837328, 0.26604361791841
 53.337945412506, 0.26512792183853
 53.33514747, 0.26762167267861
 53.33495281, 0.2699899874125
 53.33235393, 0.27220833146926
 53.33078981, 0.27136333568331
 53.32860415, 0.27337666734331
 53.32646972, 0.27354168578091
 53.32515149, 0.27063333253537
 53.32296583, 0.27310668810814
 53.320975893008, 0.2762140965409
 53.320975893008, 0.2762140965409
 53.31898042, 0.2793300042982
 53.31858085, 0.27969331166514
 53.3154253, 0.28188166692256
 53.31449298, 0.28260334577751
 53.31299034, 0.28119333860076
 53.31218438, 0.27998167371413
 53.31071589, 0.28036168302801
 53.30913128, 0.28042166062662
 53.30734177, 0.27909665728849
 53.30616015, 0.27919836307415
 53.305047490974, 0.27865643047207
 53.305047490974, 0.27865643047207
 53.305047490974, 0.27865643047207
 53.2468263, 0.26760833246544
 53.2468263, 0.26760833246544
 53.24670677, 0.26828166638762
 53.24483871, 0.26967166324456
 53.241138458252, 0.27251243591309
 53.239078521729, 0.27603149414062
 53.229675292969, 0.28427124023438
 53.22732925415, 0.2911376953125
 53.22582244873, 0.29502868652344
 53.224773406982, 0.29740333557129
 53.223476409912, 0.29831886291504
 53.221950531006, 0.29740333557129
 53.2200050354, 0.29949188232422
 53.216876983643, 0.31525611877441
 53.205337524414, 0.32607078552246
 53.197917938232, 0.3273868560791
 53.196392059326, 0.33061981201172
 53.195686340332, 0.33382415771484
 53.193855285645, 0.33370971679688
 53.192405700684, 0.33445358276367
 53.19149017334, 0.33476829528809
 53.190975189209, 0.3357982635498
 53.190860748291, 0.33714294433594
 53.190822601318, 0.33797264099121
 53.190155029297, 0.34011840820312
 53.189239501953, 0.3409481048584
 53.186378479004, 0.34458160400391
 53.185195922852, 0.34801483154297
 53.183479309082, 0.34918785095215
 53.180999755859, 0.34895896911621
 53.178157806396, 0.3486442565918
 53.175449371338, 0.34844398498535
 53.173580169678, 0.34878730773926
 53.171501159668, 0.34947395324707
 53.169460296631, 0.34784317016602
 53.166961669922, 0.34558296203613
 53.165111541748, 0.34492492675781
 53.163528442383, 0.34584045410156
 53.161277770996, 0.34418106079102
 53.158473968506, 0.34275054931641
 53.156814575195, 0.34317970275879
 53.154354095459, 0.34212112426758
 53.151569366455, 0.34063339233398
 53.149585723877, 0.33971786499023
 53.148612976074, 0.34235000610352
 53.147945404053, 0.34429550170898
 53.147945404053, 0.34429550170898
 53.147945404053, 0.34429550170898
 53.147945404053, 0.34429550170898
 53.147945404053, 0.34429550170898
 53.15169884, 0.34085167926705
 53.142623901367, 0.34586906433105
 53.142623901367, 0.34586906433105
 53.142948150635, 0.34586906433105
 53.142967224121, 0.34586906433105
 53.142967224121, 0.34586906433105
 53.142948150635, 0.34586906433105
 53.142948150635, 0.34586906433105
 53.142948150635, 0.34584045410156
 53.142948150635, 0.34584045410156
 53.142948150635, 0.34584045410156
 53.142948150635, 0.34584045410156
 53.142948150635, 0.34584045410156
 53.14750169, 0.34588334089038
 53.14750169, 0.34588334089038
 53.14750169, 0.34588334089038
 53.14750169, 0.34588334089038
 53.14750169, 0.34588334089038
 53.14750169, 0.34588334089038
 53.14750169, 0.34588334089038
 53.14750169, 0.34588334089038
 53.14750169, 0.34588334089038
 53.14750169, 0.34588334089038
 53.14750169, 0.34588334089038
 53.14750169, 0.34588334089038
 53.14750169, 0.34588334089038
 53.14750169, 0.34588334089038
 53.14750169, 0.34588334089038
 53.1418800354, 0.34538269042969
 53.14172744751, 0.3449821472168
 53.141746520996, 0.3449821472168
 53.141746520996, 0.3449535369873
 53.142223358154, 0.34209251403809
 53.142871856689, 0.33991813659668
 53.143482208252, 0.33717155456543
 53.143539428711, 0.33534049987793
 53.144035339355, 0.33302307128906
 53.144359588623, 0.33050537109375
 53.144454956055, 0.32690048217773
 53.144302368164, 0.32492637634277
 53.144187927246, 0.32278060913086
 53.144054412842, 0.32046318054199
 53.143711090088, 0.31797409057617
 53.130931854248, 0.289306640625
 53.120250701904, 0.26049613952637
 53.110485076904, 0.24556159973145
 53.1081199646, 0.2428150177002
 53.108024597168, 0.23889541625977
 53.106994628906, 0.23749351501465
 53.106498718262, 0.23617744445801
 53.106498718262, 0.23617744445801
 53.102703094482, 0.23248672485352
 53.091087341309, 0.23125648498535
 53.073406219482, 0.20713806152344
 53.056259155273, 0.1823902130127
 53.051700592041, 0.16078948974609
 53.044109344482, 0.1475715637207
 53.044109344482, 0.1475715637207
 53.04162979126, 0.14216423034668
 53.04162979126, 0.14216423034668
 53.04162979126, 0.14216423034668
 53.04162979126, 0.14216423034668
 53.04162979126, 0.14216423034668
 53.03873434, 0.12359334024844
 53.03840991, 0.12196000456209
 53.037341073651, 0.11917732125279
 53.037341073651, 0.11917732125279
 53.006458282471, 0.084514617919922
 52.993450164795, 0.074472427368164
 52.987003326416, 0.04643440246582
 52.985973358154, 0.012445449829102
 52.988719940186, -0.0068950653076172
 52.98677444458, -0.0099277496337891
 52.985248565674, -0.012302398681641
 52.983551025391, -0.014762878417969
 52.982044219971, -0.017480850219727
 52.981052398682, -0.019512176513672
 52.97945022583, -0.022544860839844
 52.977848052979, -0.023860931396484
 52.976150512695, -0.025005340576172
 52.976169586182, -0.029411315917969
 52.976913452148, -0.032758712768555
 52.977733612061, -0.035305023193359
 52.977161407471, -0.040683746337891
 52.976512908936, -0.04420280456543
 52.975406646729, -0.047979354858398
 52.974395751953, -0.051612854003906
 52.973289489746, -0.055389404296875
 52.972393035889, -0.058450698852539
 52.972545623779, -0.061140060424805
 52.97384262085, -0.08305549621582
 52.976207733154, -0.12153625488281
 52.972965240479, -0.16136169433594
 52.971115112305, -0.19022941589355
 52.982063293457, -0.22170066833496
 52.980728149414, -0.26032447814941
 52.989292144775, -0.29900550842285
 52.989864349365, -0.3398323059082
 52.996997833252, -0.37087440490723
 52.999210357666, -0.39121627807617
 52.999210357666, -0.39121627807617
 52.999210357666, -0.39121627807617
 52.999286651611, -0.39124488830566
 52.999229431152, -0.39115905761719
 52.999248504639, -0.39118766784668
 52.999248504639, -0.39118766784668
 52.999248504639, -0.39118766784668
 52.999248504639, -0.39118766784668
 52.999248504639, -0.39118766784668
 52.999432, -0.390615
 52.999432, -0.390615
 52.999229431152, -0.39118766784668
 52.999210357666, -0.39118766784668
 52.999210357666, -0.39121627807617
 52.99898147583, -0.39178848266602
 52.998790740967, -0.39507865905762
 52.998657226562, -0.39628028869629
 52.997970581055, -0.40168762207031
 52.997913360596, -0.4021167755127
 52.997722625732, -0.40334701538086
 52.996692657471, -0.40846824645996
 52.997341156006, -0.40932655334473
 52.998809814453, -0.41038513183594
 52.999839782715, -0.41049957275391
 53.001880645752, -0.41078567504883
 53.003082275391, -0.41218757629395
 53.005199432373, -0.41447639465332
 53.007144927979, -0.41633605957031
 53.009204864502, -0.41922569274902
 53.010101318359, -0.42162895202637
 53.01815032959, -0.42506217956543
 53.036880493164, -0.44185638427734
 53.057765960693, -0.45421600341797
 53.080406188965, -0.46543121337891
 53.105716705322, -0.47555923461914
 53.129959106445, -0.48768997192383
 53.151416778564, -0.49607276916504
 53.166580200195, -0.50525665283203
 53.177814483643, -0.51472663879395
 53.185958862305, -0.52216529846191
 53.188858032227, -0.52494049072266
 53.191032409668, -0.52748680114746
 53.192443847656, -0.52960395812988
 53.194389343262, -0.53272247314453
 53.196392059326, -0.53472518920898
 53.197479248047, -0.53569793701172
 53.198699951172, -0.53495407104492
 53.198833465576, -0.53309440612793
 53.199310302734, -0.52928924560547
 53.19953918457, -0.52857398986816
 53.200054168701, -0.52488327026367
 53.201160430908, -0.52359580993652
 53.210830688477, -0.52451133728027
 53.217945098877, -0.53658485412598
 53.216304779053, -0.53996086120605
 53.215217590332, -0.54333686828613
 53.214492797852, -0.54631233215332
 53.215942382812, -0.54594039916992
 53.218479156494, -0.54531097412109
 53.218936920166, -0.54774284362793
 53.219203948975, -0.55134773254395
 53.21949005127, -0.55586814880371
 53.220272064209, -0.5573558807373
 53.222827911377, -0.55498123168945
 53.224544525146, -0.55286407470703
 53.225917816162, -0.55063247680664
 53.228931427002, -0.55063247680664
 53.230152130127, -0.54925918579102
 53.229637145996, -0.54737091064453
 53.229160308838, -0.54568290710449
 53.228950500488, -0.54476737976074
 53.228950500488, -0.54476737976074
 53.228950500488, -0.54476737976074
 53.228950500488, -0.54476737976074
 53.23042018, -0.5486750190818
 53.230819702148, -0.53627014160156
 53.231639862061, -0.53584098815918
 53.232460021973, -0.53295135498047
 53.23299407959, -0.53252220153809
 53.235244750977, -0.53475379943848
 53.237648010254, -0.5357551574707
 53.237590789795, -0.53709983825684
 53.237590789795, -0.53798675537109
 53.237590789795, -0.53798675537109
 53.237590789795, -0.53798675537109
 53.243293762207, -0.53790092468262
 53.2444190979, -0.53792953491211
 53.244552612305, -0.53990364074707
 53.24333190918, -0.54422378540039
 53.242492675781, -0.54588317871094
 53.242053985596, -0.54648399353027
 53.241844177246, -0.54697036743164
 53.241844177246, -0.54697036743164
 53.241844177246, -0.54697036743164
 53.248023986816, -0.54757118225098
 53.248081207275, -0.54745674133301
 53.248100280762, -0.54745674133301
 53.248081207275, -0.54745674133301
 53.248882293701, -0.5467700958252
