 54.905872344971, -5.0154304504395
 54.906635284424, -5.0125408172607
 54.907245635986, -5.0105094909668
 54.908466339111, -5.0069046020508
 54.909420013428, -5.0039291381836
 54.910850524902, -5.0002098083496
 54.915428161621, -4.9923133850098
 54.9241065979, -4.9887943267822
 54.9560546875, -5.0076770782471
 54.964237213135, -5.0129413604736
 54.965896606445, -5.0144004821777
 54.967422485352, -5.0158309936523
 54.968338012695, -5.0168895721436
 54.970188140869, -5.0185203552246
 54.971580505371, -5.0209808349609
 54.972972869873, -5.0235557556152
 54.974060058594, -5.0266170501709
 54.974689483643, -5.0284767150879
 54.984664916992, -5.0330257415771
 54.993343353271, -5.0364017486572
 55.020961761475, -5.0271034240723
 55.029449462891, -5.0137424468994
 55.045375823975, -4.9919986724854
 55.075225830078, -4.9822425842285
 55.086269378662, -4.9825859069824
 55.088977813721, -4.9944305419922
 55.097007751465, -4.9996089935303
 55.098991394043, -5.0033283233643
 55.099105834961, -5.0040149688721
 55.100994110107, -5.0045871734619
 55.102672576904, -5.0047302246094
 55.10425567627, -5.0042152404785
 55.106258392334, -5.0028133392334
 55.124092102051, -4.9942874908447
 55.134353637695, -4.9886512756348
 55.15022277832, -4.9738883972168
 55.163288116455, -4.9470233917236
 55.176620483398, -4.9290561676025
 55.191898345947, -4.9160671234131
 55.204658508301, -4.8981857299805
 55.21692276001, -4.875955581665
 55.228519439697, -4.8563575744629
 55.230903625488, -4.8564720153809
 55.233383178711, -4.8571300506592
 55.234603881836, -4.8574447631836
 55.236053466797, -4.8577308654785
 55.238304138184, -4.8580741882324
 55.240058898926, -4.8583030700684
 55.243263244629, -4.8578453063965
 55.243396759033, -4.8550701141357
 55.244483947754, -4.8525524139404
 55.246334075928, -4.852352142334
 55.247592926025, -4.8471164703369
 55.250968933105, -4.8443698883057
 55.260391235352, -4.8451137542725
 55.279560089111, -4.8332691192627
 55.301551818848, -4.8350429534912
 55.309753417969, -4.8336410522461
 55.311813354492, -4.8329544067383
 55.313377380371, -4.832124710083
 55.315570831299, -4.8315238952637
 55.318470001221, -4.8307228088379
 55.325622558594, -4.8273754119873
 55.330219268799, -4.8227119445801
 55.332794189453, -4.8191928863525
 55.33224105835, -4.8153305053711
 55.332279205322, -4.8132991790771
 55.332279205322, -4.8132991790771
 55.332279205322, -4.8132991790771
 55.332279205322, -4.8132991790771
 55.332279205322, -4.8132991790771
 55.332227408006, -4.8110761211824
 55.329685211182, -4.7777366638184
 55.330467224121, -4.7747325897217
 55.331077575684, -4.7688961029053
 55.335731506348, -4.7597694396973
 55.339469909668, -4.7195148468018
 55.350704193115, -4.6944236755371
 55.350856781006, -4.6930503845215
 55.350856781006, -4.693021774292
 55.350875854492, -4.693078994751
 55.350875854492, -4.693078994751
 55.350856781006, -4.6930503845215
 55.350875854492, -4.693078994751
 55.350875854492, -4.693078994751
 55.350856781006, -4.6930503845215
 55.350856781006, -4.693021774292
 55.350761413574, -4.693021774292
 55.350704193115, -4.6922779083252
 55.35177230835, -4.6872997283936
 55.352649688721, -4.6846103668213
 55.3537940979, -4.6825218200684
 55.355262756348, -4.680290222168
 55.356502532959, -4.6791458129883
 55.357532501221, -4.6776866912842
 55.35982131958, -4.6758842468262
 55.362510681152, -4.676399230957
 55.377330780029, -4.6740818023682
 55.391597747803, -4.6608638763428
 55.403823852539, -4.6541404724121
 55.417404174805, -4.636402130127
 55.426616668701, -4.6386909484863
 55.426845550537, -4.6381759643555
 55.428142547607, -4.6370029449463
 55.428237915039, -4.6358299255371
 55.428371429443, -4.6341133117676
 55.427875518799, -4.6332263946533
 55.427989959717, -4.6339702606201
 55.428028106689, -4.6339416503906
 55.428314208984, -4.6353149414062
 55.429344177246, -4.6366882324219
 55.431880950928, -4.6350860595703
 55.432872772217, -4.6331119537354
 55.434741973877, -4.6320247650146
 55.443706512451, -4.6292495727539
 55.448570251465, -4.6288776397705
 55.450572967529, -4.6291065216064
 55.452041625977, -4.6291637420654
 55.455474853516, -4.6291065216064
 55.458297729492, -4.6289920806885
 55.459880828857, -4.6288204193115
 55.461025238037, -4.62890625
 55.463199615479, -4.6301364898682
 55.46443939209, -4.6319389343262
 55.4660987854, -4.6304225921631
 55.466899871826, -4.6275615692139
 55.466785430908, -4.6245002746582
 55.466976165771, -4.6212100982666
 55.467414855957, -4.618091583252
 55.467624664307, -4.6163177490234
 55.471096038818, -4.5982360839844
 55.48246383667, -4.5825290679932
 55.499172210693, -4.5655918121338
 55.520362854004, -4.5844173431396
 55.534610748291, -4.5758628845215
 55.552768707275, -4.550256729126
 55.571975708008, -4.5257091522217
 55.585231781006, -4.5076274871826
 55.585441589355, -4.5073699951172
 55.585613250732, -4.5070266723633
 55.586853027344, -4.5054244995117
 55.588302612305, -4.5039653778076
 55.58952331543, -4.5028495788574
 55.590991973877, -4.5013046264648
 55.592136383057, -4.4999885559082
 55.5934715271, -4.4991016387939
 55.594654083252, -4.4987010955811
 55.593910217285, -4.4972705841064
 55.593872070312, -4.495267868042
 55.594329833984, -4.4932651519775
 55.594730377197, -4.4911479949951
 55.595149993896, -4.4886875152588
 55.596046447754, -4.4833946228027
 55.598087310791, -4.4802474975586
 55.598526000977, -4.4827079772949
 55.59886932373, -4.4818210601807
 55.598850250244, -4.4818210601807
 55.598850250244, -4.4818496704102
 55.598850250244, -4.4818496704102
 55.59886932373, -4.4818496704102
 55.598831176758, -4.4818496704102
 55.598793029785, -4.4818496704102
 55.598850250244, -4.4818496704102
 55.598850250244, -4.4818496704102
 55.598850250244, -4.4818496704102
 55.598850250244, -4.4818496704102
 55.598850250244, -4.4818496704102
 55.599031410948, -4.4815965013322
 55.599031410948, -4.4815965013322
 55.599031410948, -4.4815965013322
 55.599031410948, -4.4815965013322
 55.599031410948, -4.4815965013322
 55.599031410948, -4.4815965013322
 55.598831176758, -4.4817924499512
 55.599346160889, -4.480676651001
 55.599365234375, -4.4808769226074
 55.599346160889, -4.4808769226074
 55.599365234375, -4.4808769226074
 55.598564147949, -4.4828510284424
 55.600032806396, -4.4871711730957
 55.601577758789, -4.4892311096191
 55.603199005127, -4.4900321960449
 55.605163574219, -4.4907188415527
 55.606575012207, -4.4956111907959
 55.607452392578, -4.4974136352539
 55.607604980469, -4.4994735717773
 55.611381530762, -4.4989013671875
 55.611953735352, -4.4968128204346
 55.614013671875, -4.4951820373535
 55.615425109863, -4.4955539703369
 55.616054534912, -4.4994163513184
 55.616931915283, -4.4999027252197
 55.619335174561, -4.5021343231201
 55.619335174561, -4.5021343231201
 55.619335174561, -4.5021343231201
 55.634002685547, -4.5185565948486
 55.634002685547, -4.5185565948486
 55.634002685547, -4.5185565948486
 55.634002685547, -4.5185565948486
 55.634002685547, -4.5185565948486
 55.63635, -4.52343
 55.63715, -4.52645
 55.653553009033, -4.5268535614014
 55.668048858643, -4.5213603973389
 55.677814483643, -4.5201301574707
 55.678825378418, -4.5177841186523
 55.680294036865, -4.515495300293
 55.682315826416, -4.5173263549805
 55.684700012207, -4.5191287994385
 55.689258575439, -4.5237350463867
 55.696029663086, -4.5239353179932
 55.696029663086, -4.5239353179932
 55.696029663086, -4.5239353179932
 55.696029663086, -4.5239353179932
 55.696029663086, -4.5239353179932
 55.712235466969, -4.5364394719666
 55.71191, -4.54001
 55.726089477539, -4.5932865142822
 55.726089477539, -4.5932865142822
 55.726089477539, -4.5932865142822
 55.726089477539, -4.5932865142822
 55.731315612793, -4.607105255127
 55.734024047852, -4.6153163909912
 55.74405670166, -4.6265316009521
 55.746841430664, -4.6294784545898
 55.749073028564, -4.6323394775391
 55.750179290771, -4.6332263946533
 55.751686096191, -4.6331119537354
 55.752620697021, -4.6325397491455
 55.753784179688, -4.6294212341309
 55.755710601807, -4.6280479431152
 55.757389068604, -4.6272754669189
 55.768966674805, -4.6184635162354
 55.777111053467, -4.6126270294189
 55.791912078857, -4.6255016326904
 55.794792175293, -4.6297359466553
 55.794582366943, -4.6299362182617
 55.79496383667, -4.6292495727539
 55.79626083374, -4.6265029907227
 55.79833984375, -4.6243000030518
 55.800285339355, -4.6231269836426
 55.803127288818, -4.6212100982666
 55.806617736816, -4.6276187896729
 55.819568634033, -4.6291065216064
 55.819568634033, -4.6291065216064
 55.819568634033, -4.6291065216064
 55.819568634033, -4.6291065216064
 55.819568634033, -4.6291065216064
 55.887836127111, -4.6422517104586
 55.88804, -4.64189
 55.88958, -4.63892
 55.89039, -4.63688
 55.89189, -4.63239
 55.893974304199, -4.6273899078369
 55.896091461182, -4.6285629272461
 55.896320343018, -4.62890625
 55.912532806396, -4.6442699432373
 55.918464660645, -4.6511363983154
 55.920658111572, -4.6531105041504
 55.922985076904, -4.6562576293945
 55.924644470215, -4.6594905853271
 55.925674438477, -4.6642398834229
 55.927982330322, -4.6633243560791
 55.929660797119, -4.6670722961426
 55.931358337402, -4.6775150299072
 55.932216644287, -4.6546840667725
 55.930309295654, -4.6176624298096
 55.927505493164, -4.5960903167725
 55.923595428467, -4.5580959320068
 55.910186767578, -4.4937801361084
 55.898456573486, -4.4833087921143
 55.873699188232, -4.4700622558594
 55.860767364502, -4.4397640228271
 55.86145401001, -4.3991374969482
 55.865879058838, -4.3597412109375
 55.851345062256, -4.3261528015137
 55.850925445557, -4.2924213409424
 55.846786499023, -4.2617511749268
 55.833168029785, -4.229907989502
 55.827903747559, -4.1951465606689
 55.828247070312, -4.2044734954834
 55.828380584717, -4.2088508605957
 55.828323364258, -4.213342666626
 55.828304290771, -4.217004776001
 55.828018188477, -4.222526550293
 55.827713012695, -4.2245006561279
 55.828075408936, -4.2276477813721
 55.82836151123, -4.2295360565186
 55.828819274902, -4.2333984375
 55.829105377197, -4.2367458343506
 55.828762054443, -4.2422389984131
 55.828495025635, -4.2452716827393
 55.828495025635, -4.2452430725098
 55.828456878662, -4.2453002929688
 55.828552246094, -4.2450428009033
 55.828399658203, -4.2453002929688
 55.828380584717, -4.2452144622803
 55.828113555908, -4.2455577850342
 55.828227996826, -4.2454433441162
 55.828056335449, -4.2455005645752
 55.82820892334, -4.2454433441162
 55.828456878662, -4.2454147338867
 55.828418731689, -4.2453861236572
 55.828418731689, -4.2453575134277
 55.828475952148, -4.2453575134277
 55.828495025635, -4.2453575134277
 55.828495025635, -4.2453861236572
 55.828342437744, -4.2481899261475
 55.826873779297, -4.2514228820801
 55.826683044434, -4.2528533935547
 55.826644897461, -4.2528247833252
 55.826721191406, -4.2528533935547
 55.826740264893, -4.2529106140137
 55.826778411865, -4.2529964447021
 55.826778411865, -4.2529392242432
 55.826759338379, -4.2529392242432
 55.82670211792, -4.2529678344727
 55.826549530029, -4.2537117004395
 55.826835632324, -4.2583179473877
 55.827369689941, -4.2650127410889
 55.827617645264, -4.2707061767578
 55.827617645264, -4.2707061767578
 55.82914352417, -4.2826080322266
 55.826663970947, -4.2850971221924
 55.825214385986, -4.2859554290771
 55.823535919189, -4.2863845825195
 55.820903778076, -4.2870998382568
 55.818691253662, -4.2873573303223
 55.817260742188, -4.2878150939941
 55.815086364746, -4.2898178100586
 55.813140869141, -4.2916488647461
 55.811882019043, -4.2924785614014
 55.809535980225, -4.293737411499
 55.808296203613, -4.2939376831055
 55.804977416992, -4.2944812774658
 55.802707672119, -4.2949676513672
 55.800342559814, -4.2953681945801
 55.7981300354, -4.2968273162842
 55.797557830811, -4.297571182251
 55.797519683838, -4.2976856231689
 55.797519683838, -4.2976856231689
 55.797519683838, -4.2976856231689
 55.80192565918, -4.3299865722656
 55.809745788574, -4.3334197998047
 55.828952789307, -4.3327617645264
 55.842609405518, -4.3032646179199
 55.850639343262, -4.2749977111816
 55.866088867188, -4.2715644836426
 55.867023468018, -4.2712783813477
 55.872039794922, -4.2793750762939
 55.870704650879, -4.2856407165527
 55.868186950684, -4.2917060852051
 55.868244171143, -4.291820526123
 55.869960784912, -4.2961406707764
 55.870361328125, -4.2986869812012
 55.871086120605, -4.2987155914307
 55.87194442749, -4.2976570129395
 55.872821807861, -4.2964839935303
 55.873737335205, -4.2954254150391
 55.87381362915, -4.2939949035645
 55.87251663208, -4.2892456054688
 55.872211456299, -4.2850112915039
 55.872478485107, -4.282693862915
 55.87194442749, -4.2781162261963
 55.870132446289, -4.2750263214111
 55.868263244629, -4.271936416626
 55.866222381592, -4.2707347869873
 55.866069793701, -4.2674160003662
 55.865726470947, -4.264554977417
 55.863265991211, -4.2624950408936
 55.860900878906, -4.2601490020752
 55.858402252197, -4.2598056793213
 55.857944488525, -4.2545986175537
 55.857524871826, -4.2547988891602
 55.857524871826, -4.2545413970947
 55.857734680176, -4.2545127868652
 55.857772827148, -4.2524528503418
 55.859775543213, -4.2505359649658
 55.859432220459, -4.2477893829346
 55.859375, -4.2451858520508
 55.857963562012, -4.2449569702148
