 57.197380065918, -2.1837615966797
 57.197380065918, -2.1837329864502
 57.197360992432, -2.1837615966797
 57.197380065918, -2.1837615966797
 57.197360992432, -2.1837615966797
 57.197380065918, -2.1837329864502
 57.197380065918, -2.1837615966797
 57.197360992432, -2.1837902069092
 57.197380065918, -2.1837615966797
 57.197380065918, -2.1837902069092
 57.197284698486, -2.1839332580566
 57.195873260498, -2.1834468841553
 57.19409942627, -2.1822166442871
 57.192649841309, -2.1811294555664
 57.190380096436, -2.1793842315674
 57.190246582031, -2.1792697906494
 57.178993225098, -2.1755218505859
 57.173843383789, -2.151460647583
 57.172374725342, -2.1447944641113
 57.171058654785, -2.1431636810303
 57.169933319092, -2.1416473388672
 57.168197631836, -2.1398735046387
 57.166213989258, -2.1387004852295
 57.16459274292, -2.138786315918
 57.162742614746, -2.1409893035889
 57.161483764648, -2.1426486968994
 57.160091400146, -2.1449375152588
 57.158908843994, -2.1470832824707
 57.157783508301, -2.1489143371582
 57.156085968018, -2.1499156951904
 57.15274810791, -2.149600982666
 57.150821685791, -2.1491432189941
 57.14879989624, -2.1487712860107
 57.146434783936, -2.1487712860107
 57.143840789795, -2.1484565734863
 57.14225769043, -2.1468257904053
 57.141761779785, -2.1436214447021
 57.139110565186, -2.1413326263428
 57.136688232422, -2.1382999420166
 57.134666442871, -2.1353530883789
 57.132797241211, -2.1329212188721
 57.131805419922, -2.1314907073975
 57.13077545166, -2.12965965271
 57.12984085083, -2.127742767334
 57.128562927246, -2.1249103546143
 57.127170562744, -2.1232509613037
 57.12553024292, -2.1226501464844
 57.123889923096, -2.1213912963867
 57.122535705566, -2.1174430847168
 57.119827270508, -2.1176433563232
 57.116394042969, -2.1188735961914
 57.096920013428, -2.112979888916
 57.074203491211, -2.1224784851074
 57.057495117188, -2.1510887145996
 57.033214569092, -2.1557235717773
 57.011394500732, -2.1742057800293
 56.987705230713, -2.184534072876
 56.973896026611, -2.1993541717529
 56.96964263916, -2.2073650360107
 56.96741104126, -2.2095680236816
 56.964893341064, -2.208251953125
 56.962928771973, -2.208194732666
 56.961536407471, -2.2087669372559
 56.96174621582, -2.2124290466309
 56.960964202881, -2.2130298614502
 56.956081390381, -2.2177219390869
 56.946849822998, -2.2336864471436
 56.935195922852, -2.2679901123047
 56.924057006836, -2.30881690979
 56.909847259521, -2.3463821411133
 56.89474105835, -2.383861541748
 56.872711181641, -2.4092674255371
 56.854610443115, -2.4386215209961
 56.830596923828, -2.4574184417725
 56.817264556885, -2.4828243255615
 56.801338195801, -2.5009346008301
 56.786499023438, -2.5151538848877
 56.784381866455, -2.5156402587891
 56.782531738281, -2.5161838531494
 56.780452728271, -2.5152969360352
 56.778411865234, -2.5143527984619
 56.77713394165, -2.5135517120361
 56.768169403076, -2.5123500823975
 56.753635406494, -2.488260269165
 56.745758056641, -2.4718379974365
 56.742706298828, -2.4730968475342
 56.7409324646, -2.4757862091064
 56.739139556885, -2.4755859375
 56.737804412842, -2.4743843078613
 56.730422973633, -2.4661159515381
 56.728477478027, -2.4643135070801
 56.726150512695, -2.4647998809814
 56.723861694336, -2.4654865264893
 56.722354888916, -2.4659156799316
 56.719608306885, -2.466459274292
 56.715526580811, -2.4672317504883
 56.71329498291, -2.4679183959961
 56.711463928223, -2.4692916870117
 56.712455749512, -2.4705791473389
 56.721992492676, -2.4816799163818
 56.727523803711, -2.5175857543945
 56.724529266357, -2.5557804107666
 56.721267700195, -2.5917148590088
 56.725692749023, -2.629280090332
 56.72721862793, -2.6379203796387
 56.727390289307, -2.6426410675049
 56.727352142334, -2.6443004608154
 56.727561950684, -2.6464462280273
 56.727714538574, -2.6486206054688
 56.728382110596, -2.651424407959
 56.729259490967, -2.6541137695312
 56.731185913086, -2.6541137695312
 56.733169555664, -2.6556015014648
 56.733245849609, -2.6573181152344
 56.732330322266, -2.6597213745117
 56.731853485107, -2.6624393463135
 56.731147766113, -2.6647281646729
 56.730785369873, -2.6660442352295
 56.730785369873, -2.6660442352295
 56.730785369873, -2.6660442352295
 56.730785369873, -2.6660442352295
 56.730785369873, -2.6660442352295
 56.729428, -2.692326
 56.729428, -2.692326
 56.729428, -2.692326
 56.729428, -2.692326
 56.729428, -2.692326
 56.729428, -2.692326
 56.729428, -2.692326
 56.729428, -2.692326
 56.725025177002, -2.7349090576172
 56.706199645996, -2.8232288360596
 56.695537567139, -2.8347873687744
 56.679496765137, -2.8727531433105
 56.658401489258, -2.8941822052002
 56.654205322266, -2.8919506072998
 56.652736663818, -2.8912353515625
 56.652736663818, -2.8912353515625
 56.652736663818, -2.8912353515625
 56.652736663818, -2.8912353515625
 56.647834777832, -2.8888320922852
 56.647834777832, -2.8888320922852
 56.647834777832, -2.8888320922852
 56.647834777832, -2.8888320922852
 56.64021, -2.90117
 56.641292572021, -2.8964424133301
 56.640453338623, -2.8993606567383
 56.640014648438, -2.9027938842773
 56.638698577881, -2.9071712493896
 56.637897491455, -2.9094886779785
 56.631202697754, -2.9265975952148
 56.615180969238, -2.9524040222168
 56.608066558838, -2.9936599731445
 56.61262512207, -3.0327129364014
 56.608715057373, -3.0779457092285
 56.598472595215, -3.1214618682861
 56.588649749756, -3.1572532653809
 56.588306427002, -3.1595993041992
 56.588859558105, -3.1624889373779
 56.590061187744, -3.1660652160645
 56.583595275879, -3.1877517700195
 56.567039489746, -3.22434425354
 56.55101776123, -3.2577037811279
 56.550064086914, -3.2600784301758
 56.548919677734, -3.2623672485352
 56.547031402588, -3.2651710510254
 56.545333862305, -3.2677745819092
 56.544017791748, -3.2705211639404
 56.542720794678, -3.272008895874
 56.529331207275, -3.290491104126
 56.525440216064, -3.2942962646484
 56.522617340088, -3.2970142364502
 56.521587371826, -3.2980442047119
 56.521587371826, -3.2980442047119
 56.521587371826, -3.2980442047119
 56.519241333008, -3.3015060424805
 56.518440246582, -3.3017635345459
 56.516723632812, -3.3022499084473
 56.516075134277, -3.3024215698242
 56.500797271729, -3.3114051818848
 56.4768409729, -3.3293437957764
 56.45414352417, -3.3481407165527
 56.45299911499, -3.3484268188477
 56.450672149658, -3.34885597229
 56.449451446533, -3.349084854126
 56.447925567627, -3.3496856689453
 56.444263458252, -3.3535480499268
 56.428165435791, -3.3851337432861
 56.425476074219, -3.3919429779053
 56.424350738525, -3.3954334259033
 56.422748565674, -3.3979225158691
 56.422138214111, -3.4000110626221
 56.422595977783, -3.4042167663574
 56.422996520996, -3.4078502655029
 56.423301696777, -3.4106540679932
 56.423740386963, -3.4145736694336
 56.425457000732, -3.4154033660889
 56.42614364624, -3.4166049957275
 56.418495178223, -3.4273624420166
 56.413955688477, -3.4299945831299
 56.416435241699, -3.4319114685059
 56.419353485107, -3.4325122833252
 56.421318054199, -3.435230255127
 56.421718597412, -3.4354305267334
 56.421680450439, -3.4353733062744
 56.421680450439, -3.4354305267334
 56.421661376953, -3.4354591369629
 56.421680450439, -3.4354305267334
 56.421699523926, -3.4354591369629
 56.421699523926, -3.4354591369629
 56.421699523926, -3.4354591369629
 56.421699523926, -3.4354591369629
 56.421699523926, -3.4354591369629
 56.423007219462, -3.4374114953872
 56.423007219462, -3.4374114953872
 56.423007219462, -3.4374114953872
 56.423007219462, -3.4374114953872
 56.423007219462, -3.4374114953872
 56.423007219462, -3.4374114953872
 56.423007219462, -3.4374114953872
 56.423007219462, -3.4374114953872
 56.423007219462, -3.4374114953872
 56.423007219462, -3.4374114953872
 56.423007219462, -3.4374114953872
 56.423007219462, -3.4374114953872
 56.421604156494, -3.4352874755859
 56.421642303467, -3.4352588653564
 56.421585083008, -3.4352874755859
 56.420917510986, -3.4341716766357
 56.419811248779, -3.4329986572266
 56.419048309326, -3.4323406219482
 56.417560577393, -3.4321117401123
 56.416149139404, -3.4317111968994
 56.413974761963, -3.4300231933594
 56.412906646729, -3.4286212921143
 56.401176452637, -3.4235000610352
 56.399879455566, -3.4232425689697
 56.398849487305, -3.4260749816895
 56.398906707764, -3.4289646148682
 56.398906707764, -3.4289932250977
 56.39892578125, -3.4290504455566
 56.39892578125, -3.4290504455566
 56.39892578125, -3.4290504455566
 56.39892578125, -3.4290504455566
 56.39892578125, -3.4290504455566
 56.399882821036, -3.4309299104339
 56.39892578125, -3.4290218353271
 56.398887634277, -3.4290504455566
 56.398887634277, -3.4291362762451
 56.398906707764, -3.4291648864746
 56.39928817749, -3.4305667877197
 56.398258209229, -3.4326267242432
 56.395015716553, -3.4323120117188
 56.393241882324, -3.4323406219482
 56.392059326172, -3.4307098388672
 56.390399932861, -3.4289073944092
 56.383228302002, -3.4337139129639
 56.374969482422, -3.4281063079834
 56.36869430542, -3.4242725372314
 56.36474609375, -3.4212970733643
 56.358757019043, -3.4056758880615
 56.358757019043, -3.4056758880615
 56.328105926514, -3.3455371856689
 56.329612731934, -3.3256530761719
 56.330280303955, -3.3214473724365
 56.331195831299, -3.3171844482422
 56.332626342773, -3.3159255981445
 56.332626342773, -3.3159255981445
 56.332626342773, -3.3159255981445
 56.335315704346, -3.3055114746094
 56.341876983643, -3.2836246490479
 56.348743438721, -3.2501792907715
 56.348857879639, -3.2496070861816
 56.348857879639, -3.2496070861816
 56.348857879639, -3.2496070861816
 56.348857879639, -3.2496070861816
 56.35095, -3.23679
 56.35102, -3.23359
 56.35084, -3.23129
 56.349048614502, -3.2238006591797
 56.346797943115, -3.2210254669189
 56.341457366943, -3.211727142334
 56.338748931885, -3.1889533996582
 56.351490020752, -3.1647777557373
 56.348743438721, -3.1269836425781
 56.34557723999, -3.1046390533447
 56.336727142334, -3.0544853210449
 56.325397491455, -3.032112121582
 56.321773529053, -3.0296802520752
 56.321773529053, -3.0296802520752
 56.321773529053, -3.0296516418457
 56.321792602539, -3.0297088623047
 56.321792602539, -3.0296802520752
 56.321773529053, -3.0296802520752
 56.321773529053, -3.0296230316162
 56.321849822998, -3.0292510986328
 56.320896148682, -3.0261898040771
 56.320610046387, -3.0257606506348
 56.318702697754, -3.0206108093262
 56.319198608398, -3.0162334442139
 56.319408416748, -3.0135726928711
 56.320381164551, -3.0075359344482
 56.320953369141, -3.0054759979248
 56.321563720703, -3.0031585693359
 56.322231292725, -3.0009841918945
 56.322822570801, -2.9987525939941
 56.331958770752, -2.9755210876465
 56.340637207031, -2.9595279693604
 56.340637207031, -2.9595279693604
 56.340637207031, -2.9595279693604
 56.340637207031, -2.9595279693604
 56.346893310547, -2.9457378387451
 56.351890563965, -2.9286289215088
 56.359424591064, -2.8953552246094
 56.359405517578, -2.8951263427734
 56.359405517578, -2.8951263427734
 56.359405517578, -2.8951263427734
 56.364498138428, -2.8923511505127
 56.36682510376, -2.8917789459229
 56.368675231934, -2.8908061981201
 56.370697021484, -2.889518737793
 56.372165679932, -2.8880882263184
 56.374931335449, -2.8866577148438
 56.376533508301, -2.8847122192383
 56.378383636475, -2.8821659088135
 56.380214691162, -2.8813934326172
 56.381378173828, -2.8827381134033
 56.382007598877, -2.8861141204834
 56.382865905762, -2.8878879547119
 56.384201049805, -2.8905200958252
 56.388416290283, -2.8984451293945
 56.405620574951, -2.9154109954834
 56.424579620361, -2.9232788085938
 56.440868377686, -2.9330348968506
 56.453437805176, -2.9494857788086
 56.460857391357, -2.966136932373
 56.461448669434, -2.9683399200439
 56.46167755127, -2.9687976837158
 56.461944580078, -2.9688549041748
 56.462135314941, -2.9687118530273
 56.462383270264, -2.9687118530273
 56.462860107422, -2.9686546325684
 56.46333694458, -2.9686546325684
 56.463623046875, -2.9685115814209
 56.463527679443, -2.9684257507324
 56.464958190918, -2.9660511016846
 56.465759277344, -2.9633617401123
 56.46635055542, -2.9599285125732
 56.467933654785, -2.9577827453613
 56.468315124512, -2.9550361633301
 56.468715667725, -2.9518032073975
 56.468734741211, -2.9512310028076
 56.468715667725, -2.9511737823486
 56.47087097168, -2.9473400115967
 56.471652984619, -2.947826385498
