 55.865602877429, -4.3058329121616
 55.865135192871, -4.3040370941162
 55.86519241333, -4.3040370941162
 55.86519241333, -4.3040943145752
 55.865173339844, -4.3040943145752
 55.865936279297, -4.3052387237549
 55.865917205811, -4.3052101135254
 55.865955352783, -4.3052387237549
 55.865955352783, -4.3052387237549
 55.867481231689, -4.3053817749023
 55.868091583252, -4.3092155456543
 55.869140625, -4.3107318878174
 55.869331359863, -4.3076705932617
 55.869369506836, -4.3020343780518
 55.870609283447, -4.2992305755615
 55.872135162354, -4.2972850799561
 55.874118804932, -4.2949676513672
 55.876426696777, -4.2923069000244
 55.877933502197, -4.2897891998291
 55.87926864624, -4.2868709564209
 55.88077545166, -4.2840671539307
 55.882091522217, -4.282693862915
 55.88415145874, -4.280948638916
 55.88550567627, -4.2825794219971
 55.887317657471, -4.2855548858643
 55.888729095459, -4.2875003814697
 55.890026092529, -4.2891883850098
 55.891170501709, -4.2911052703857
 55.89225769043, -4.2945671081543
 55.893535614014, -4.2970848083496
 55.895462036133, -4.2983436584473
 55.897541046143, -4.3004035949707
 55.898952484131, -4.3021202087402
 55.908641815186, -4.3181705474854
 55.909938812256, -4.3227481842041
 55.911102294922, -4.3254089355469
 55.91365814209, -4.3275260925293
 55.914783477783, -4.3292999267578
 55.916519165039, -4.3306732177734
 55.917854309082, -4.3320751190186
 55.918674468994, -4.3330478668213
 55.918674468994, -4.3330478668213
 55.918674468994, -4.3330478668213
 55.918674468994, -4.3330478668213
 55.918674468994, -4.3330478668213
 55.92423, -4.33845
 55.92513, -4.33938
 55.926742553711, -4.3719577789307
 55.927295684814, -4.3827152252197
 55.92435836792, -4.4001388549805
 55.924377441406, -4.4002246856689
 55.921306610107, -4.4021987915039
 55.920429229736, -4.4034576416016
 55.918827056885, -4.4052886962891
 55.916996002197, -4.4015979766846
 55.908603668213, -4.3884372711182
 55.90877532959, -4.3928718566895
 55.90892791748, -4.3954753875732
 55.909614562988, -4.3985080718994
 55.909824371338, -4.3994522094727
 55.910034179688, -4.401683807373
 55.910758972168, -4.4035720825195
 55.913619995117, -4.4050598144531
 55.915145874023, -4.4054889678955
 55.915966033936, -4.4053173065186
 55.918312072754, -4.4060897827148
 55.918941497803, -4.4068622589111
 55.923843383789, -4.4358730316162
 55.93074798584, -4.478874206543
 55.935039520264, -4.5138645172119
 55.935478210449, -4.5289707183838
 55.939292907715, -4.5363521575928
 55.942821502686, -4.5413589477539
 55.944004058838, -4.5439052581787
 55.945434570312, -4.5458793640137
 55.947093963623, -4.5473670959473
 55.9494972229, -4.5497131347656
 55.950622558594, -4.552116394043
 55.951519012451, -4.5536327362061
 55.953559875488, -4.5561504364014
 55.956325531006, -4.5612716674805
 55.968551635742, -4.5876216888428
 55.993137359619, -4.5944309234619
 56.010189056396, -4.6087074279785
 56.026134490967, -4.6338844299316
 56.046924591064, -4.6466445922852
 56.070232391357, -4.6419525146484
 56.070232391357, -4.6419525146484
 56.070232391357, -4.6419525146484
 56.070232391357, -4.6419525146484
 56.070232391357, -4.6419525146484
 56.101965904911, -4.6370166328553
 56.102239678192, -4.6362688907143
 56.102239678192, -4.6362688907143
 56.102239678192, -4.6362688907143
 56.201305346017, -4.7088327029424
 56.201305346017, -4.7088327029424
 56.201305346017, -4.7088327029424
 56.201305346017, -4.7088327029424
 56.20341, -4.71065
 56.20459, -4.70952
 56.20592, -4.70617
 56.206422639761, -4.7040719219643
 56.206422639761, -4.7040719219643
 56.206422639761, -4.7040719219643
 56.206422639761, -4.7040719219643
 56.201038360596, -4.7087287902832
 56.201038360596, -4.7087287902832
 56.205348968506, -4.7008323669434
 56.206016540527, -4.7026348114014
 56.20756149292, -4.7023773193359
 56.21208190918, -4.6985721588135
 56.228351593018, -4.6996307373047
 56.237697601318, -4.7061824798584
 56.254215240479, -4.7079277038574
 56.259670257568, -4.7049522399902
 56.259670257568, -4.7049522399902
 56.28791809082, -4.7106170654297
 56.304397583008, -4.7211456298828
 56.322154998779, -4.7233200073242
 56.328430175781, -4.7220039367676
 56.328430175781, -4.7220325469971
 56.328430175781, -4.7220325469971
 56.32848739624, -4.7220039367676
 56.32848739624, -4.7220325469971
 56.328449249268, -4.7220039367676
 56.328430175781, -4.7220039367676
 56.331443786621, -4.7212600708008
 56.345157623291, -4.7061252593994
 56.359443664551, -4.6776580810547
 56.376609802246, -4.6473026275635
 56.387233734131, -4.6199798583984
 56.38843536377, -4.6191787719727
 56.390056610107, -4.6191501617432
 56.390590667725, -4.6191501617432
 56.390590667725, -4.6191501617432
 56.390590667725, -4.6191501617432
 56.390590667725, -4.6191501617432
 56.4362, -4.71095
 56.4382, -4.71306
 56.434020996094, -4.7078990936279
 56.435527801514, -4.7102165222168
 56.437358856201, -4.7121620178223
 56.438484191895, -4.7142791748047
 56.438808441162, -4.7161960601807
 56.443691253662, -4.7108745574951
 56.463966369629, -4.7191429138184
 56.483459472656, -4.7385406494141
 56.503963470459, -4.7673511505127
 56.528701782227, -4.7668647766113
 56.540470123291, -4.7651767730713
 56.540470123291, -4.7651767730713
 56.580429077148, -4.7544193267822
 56.602649688721, -4.7520446777344
 56.625633239746, -4.7669506072998
 56.635932922363, -4.8067188262939
 56.64270401001, -4.8262023925781
 56.653709411621, -4.8601913452148
 56.661491394043, -4.9133777618408
 56.66332244873, -4.93483543396
 56.66332244873, -4.93483543396
 56.66332244873, -4.93483543396
 56.66332244873, -4.93483543396
 56.66332244873, -4.93483543396
 56.681238645238, -5.1017107990631
 56.681118011475, -5.0995445251465
 56.681213378906, -5.1035785675049
 56.681346893311, -5.1077842712402
 56.680908203125, -5.1111602783203
 56.68041229248, -5.1137065887451
 56.679973602295, -5.1177978515625
 56.679763793945, -5.1217460632324
 56.678447723389, -5.156135559082
 56.678447723389, -5.156135559082
 56.688995361328, -5.1823425292969
 56.690845489502, -5.1823997497559
 56.693363189697, -5.1822853088379
 56.694965362549, -5.1819133758545
 56.697216033936, -5.1816272735596
 56.699047088623, -5.1826000213623
 56.700134277344, -5.183801651001
 56.700534820557, -5.1883506774902
 56.700572967529, -5.1977634429932
 56.703186035156, -5.2285766601562
 56.703186035156, -5.2285766601562
 56.719207763672, -5.2318382263184
 56.719207763672, -5.2318382263184
 56.719207763672, -5.2318382263184
 56.781730651855, -5.1622009277344
 56.789417266846, -5.1498699188232
 56.794910430908, -5.141773223877
 56.809101104736, -5.1255226135254
 56.810932159424, -5.1230621337891
 56.813335418701, -5.1190853118896
 56.815395355225, -5.1157379150391
 56.818218231201, -5.1112174987793
 56.818218231201, -5.1112174987793
 56.818218231201, -5.1112174987793
 56.818218231201, -5.1112174987793
 56.821765899658, -5.1055812835693
 56.821365356445, -5.1035213470459
 56.821365356445, -5.1035213470459
 56.821384429932, -5.1034927368164
 56.821384429932, -5.1035499572754
 56.821403503418, -5.1035499572754
 56.821384429932, -5.1035213470459
 56.821346282959, -5.1034927368164
 56.821365356445, -5.1035213470459
 56.821365356445, -5.1035213470459
 56.821365356445, -5.1035213470459
 56.821365356445, -5.1035213470459
 56.821365356445, -5.1035213470459
 56.821647295625, -5.1044007036045
 56.821647295625, -5.1044007036045
 56.821647295625, -5.1044007036045
 56.821647295625, -5.1044007036045
 56.821647295625, -5.1044007036045
 56.821647295625, -5.1044007036045
 56.821647295625, -5.1044007036045
 56.821647295625, -5.1044007036045
 56.821647295625, -5.1044007036045
 56.821647295625, -5.1044007036045
 56.821647295625, -5.1044007036045
 56.821647295625, -5.1044007036045
 56.821647295625, -5.1044007036045
 56.821647295625, -5.1044007036045
 56.821647295625, -5.1044007036045
 56.821746826172, -5.1062107086182
 56.820240020752, -5.1069831848145
 56.820335388184, -5.1024627685547
 56.821231842041, -5.0993156433105
 56.821250915527, -5.0992298126221
 56.821269989014, -5.0991153717041
 56.821250915527, -5.0991153717041
 56.821250915527, -5.0991153717041
 56.821537017822, -5.0949382781982
 56.822299957275, -5.0930786132812
 56.83277130127, -5.0766277313232
 56.841163635254, -5.0542259216309
 56.855144500732, -5.031852722168
 56.866893768311, -5.0046730041504
 56.877212524414, -4.9764347076416
 56.886329650879, -4.9467945098877
 56.889476776123, -4.9298572540283
 56.890144348145, -4.9258804321289
 56.891632080078, -4.9219608306885
 56.893272399902, -4.9211025238037
 56.893272399902, -4.9251079559326
 56.894817352295, -4.9313449859619
 56.898174285889, -4.9450206756592
 56.898174285889, -4.9449920654297
 56.898155212402, -4.9450206756592
 56.898155212402, -4.9450206756592
 56.898193359375, -4.9450206756592
 56.898193359375, -4.9450206756592
 56.898193359375, -4.9450206756592
 56.898193359375, -4.9450206756592
 56.898193359375, -4.9450206756592
 56.893383128643, -4.9248334556332
 56.893383128643, -4.9248334556332
 56.997222900391, -4.8557567596436
 57.019100189209, -4.8261451721191
 57.02672958374, -4.8200225830078
 57.040672302246, -4.8059749603271
 57.040672302246, -4.8059749603271
 57.040672302246, -4.8059749603271
 57.040672302246, -4.8059749603271
 57.040672302246, -4.8059749603271
 57.13632, -4.68864
 57.13632, -4.68864
 57.13632, -4.68864
 57.13632, -4.68864
 57.13632, -4.68864
 57.138252258301, -4.6882152557373
 57.139873504639, -4.6878433227539
 57.139873504639, -4.6878433227539
 57.139873504639, -4.6878433227539
 57.139873504639, -4.6878433227539
 57.139873504639, -4.6878433227539
 57.14297, -4.68353
 57.14418, -4.68006
 57.14618, -4.68128
 57.14756, -4.68031
 57.148017599053, -4.6792061528147
 57.148017599053, -4.6792061528147
 57.20900049378, -4.6119767642131
 57.20900049378, -4.6119767642131
 57.20900049378, -4.6119767642131
 57.21022, -4.61365
 57.21073, -4.61655
 57.212210685111, -4.6180415405472
 57.21438, -4.61745
 57.234172821045, -4.5607566833496
 57.24609375, -4.541187286377
 57.259654998779, -4.5232486724854
 57.272472381592, -4.5018768310547
 57.272472381592, -4.5018768310547
 57.272472381592, -4.5018768310547
 57.272472381592, -4.5018768310547
 57.272472381592, -4.5018768310547
 57.329499462641, -4.4634997134589
 57.329499462641, -4.4634997134589
 57.329499462641, -4.4634997134589
 57.32802, -4.4704
 57.33119, -4.4808
 57.335503389833, -4.4799574906432
 57.33736, -4.47947
 57.33736, -4.47947
 57.33714, -4.47738
 57.33714, -4.47738
 57.33709, -4.47576
 57.33709, -4.47576
 57.33709, -4.47576
 57.33709, -4.47576
 57.33709, -4.47576
 57.33709, -4.47576
 57.33709, -4.47576
 57.33709, -4.47576
 57.33709, -4.47576
 57.33709, -4.47576
 57.33709, -4.47576
 57.33709, -4.47576
 57.33709, -4.47576
 57.33712975577, -4.4746907105133
 57.33712975577, -4.4746907105133
 57.33712975577, -4.4746907105133
 57.33712975577, -4.4746907105133
 57.33712975577, -4.4746907105133
 57.33712975577, -4.4746907105133
 57.436561584473, -4.3025207519531
 57.445392608643, -4.2926788330078
 57.464008331299, -4.2475891113281
 57.464561462402, -4.2450428009033
 57.465305328369, -4.2421817779541
 57.465305328369, -4.2421817779541
 57.47034072876, -4.2369174957275
 57.470970153809, -4.2364883422852
 57.471885681152, -4.2355728149414
 57.471885681152, -4.2355728149414
 57.471885681152, -4.2355728149414
 57.471885681152, -4.2355728149414
 57.47572, -4.23136
 57.481269836426, -4.2346286773682
 57.482109069824, -4.2317962646484
 57.48254776001, -4.2309379577637
 57.480888366699, -4.2283630371094
 57.479820251465, -4.2297077178955
 57.478179931641, -4.2277050018311
 57.476844787598, -4.227819442749
 57.476844787598, -4.227819442749
 57.476844787598, -4.227819442749
 57.476844787598, -4.227819442749
 57.476844787598, -4.227819442749
 57.474028595173, -4.2306530742028
