 53.749847412109, -3.0181503295898
 53.749847412109, -3.0181503295898
 53.749847412109, -3.0181217193604
 53.749847412109, -3.0182361602783
 53.749809265137, -3.0182647705078
 53.749828338623, -3.0182647705078
 53.749771118164, -3.0206966400146
 53.748550415039, -3.023099899292
 53.747138977051, -3.0248737335205
 53.745956420898, -3.0199527740479
 53.744926452637, -3.015775680542
 53.744258880615, -3.0129432678223
 53.743057250977, -3.0126571655273
 53.74153137207, -3.0136871337891
 53.740463256836, -3.013801574707
 53.740215301514, -3.0118274688721
 53.739833831787, -3.0071353912354
 53.739604949951, -3.0040454864502
 53.739395141602, -3.001070022583
 53.739051818848, -2.9971504211426
 53.738632202148, -2.9946613311768
 53.737812042236, -2.9914569854736
 53.738231658936, -2.9902267456055
 53.737716674805, -2.9858779907227
 53.737716674805, -2.9858779907227
 53.737716674805, -2.9858779907227
 53.737716674805, -2.9858779907227
 53.737716674805, -2.9858779907227
 53.736082993158, -2.9790115524934
 53.735751728983, -2.9782382470133
 53.734798917594, -2.9751932633039
 53.736438751221, -2.9547786712646
 53.740253448486, -2.9453372955322
 53.744277954102, -2.92799949646
 53.744659423828, -2.9140949249268
 53.744678497314, -2.9138088226318
 53.744850158691, -2.9133224487305
 53.745880126953, -2.9111766815186
 53.746776580811, -2.9085159301758
 53.747367858887, -2.9073143005371
 53.747825622559, -2.9029941558838
 53.748264312744, -2.8999328613281
 53.74870300293, -2.8979015350342
 53.74885559082, -2.8973579406738
 53.74885559082, -2.8973579406738
 53.74885559082, -2.8973579406738
 53.74885559082, -2.8973579406738
 53.751198201791, -2.8857948382483
 53.751198201791, -2.8857948382483
 53.759098052979, -2.8096389770508
 53.764095306396, -2.7763366699219
 53.767051696777, -2.7635765075684
 53.769245147705, -2.7367401123047
 53.769245147705, -2.7364540100098
 53.769779205322, -2.7340221405029
 53.770580291748, -2.7299308776855
 53.770084381104, -2.7272129058838
 53.767967224121, -2.7260112762451
 53.767166137695, -2.724666595459
 53.765621185303, -2.7222061157227
 53.765106201172, -2.7196598052979
 53.764915466309, -2.7154541015625
 53.764839172363, -2.7135372161865
 53.763656616211, -2.7088737487793
 53.762607574463, -2.7072429656982
 53.760757446289, -2.7060985565186
 53.760223388672, -2.7056407928467
 53.757457733154, -2.7053833007812
 53.757667541504, -2.7041530609131
 53.757953643799, -2.7017498016357
 53.758106231689, -2.7004909515381
 53.758850097656, -2.6992607116699
 53.759479522705, -2.6997470855713
 53.760280609131, -2.6999187469482
 53.758583068848, -2.6975440979004
 53.758640289307, -2.6967430114746
 53.759613037109, -2.6939964294434
 53.76049041748, -2.6925373077393
 53.760395050049, -2.6870727539062
 53.761081695557, -2.684440612793
 53.762359619141, -2.6797771453857
 53.762798309326, -2.6782608032227
 53.763198852539, -2.6763725280762
 53.764591217041, -2.6721096038818
 53.765506744385, -2.6687049865723
 53.765716552734, -2.6647853851318
 53.765754699707, -2.6612377166748
 53.765754699707, -2.6560020446777
 53.765811920166, -2.6534843444824
 53.764915466309, -2.6420402526855
 53.766994476318, -2.6175785064697
 53.766708374023, -2.6014137268066
 53.766708374023, -2.6014137268066
 53.762969970703, -2.5289440155029
 53.752326965332, -2.5106048583984
 53.751907348633, -2.5093746185303
 53.750801086426, -2.5059700012207
 53.750171661377, -2.5041389465332
 53.749656677246, -2.5011348724365
 53.750190734863, -2.4983882904053
 53.751525878906, -2.4943542480469
 53.749675750732, -2.4920654296875
 53.750820159912, -2.4888610839844
 53.750324249268, -2.4857711791992
 53.749885559082, -2.4839973449707
 53.750038146973, -2.4842834472656
 53.75, -2.4842834472656
 53.749904632568, -2.4841117858887
 53.749961853027, -2.4842262268066
 53.749980926514, -2.4842548370361
 53.749961853027, -2.4841403961182
 53.749961853027, -2.4841403961182
 53.749961853027, -2.4841403961182
 53.749961853027, -2.4841403961182
 53.751525878906, -2.4801635742188
 53.750553131104, -2.4767875671387
 53.749351501465, -2.4742984771729
 53.748683929443, -2.4694347381592
 53.748741149902, -2.4662017822266
 53.749179840088, -2.4632549285889
 53.749599456787, -2.4594497680664
 53.749008178711, -2.4562454223633
 53.747863769531, -2.4531841278076
 53.747425079346, -2.4506950378418
 53.748340606689, -2.4397659301758
 53.750743865967, -2.4119281768799
 53.746643066406, -2.4016857147217
 53.743648529053, -2.3956203460693
 53.744926452637, -2.3943042755127
 53.74568939209, -2.3935031890869
 53.74849319458, -2.3914432525635
 53.749980926514, -2.3915863037109
 53.752593994141, -2.391185760498
 53.752746582031, -2.3890399932861
 53.752593994141, -2.3847770690918
 53.752593994141, -2.3820877075195
 53.752593994141, -2.3820877075195
 53.752593994141, -2.3820877075195
 53.753566741943, -2.371301651001
 53.753471374512, -2.3673820495605
 53.752899169922, -2.3647785186768
 53.752479553223, -2.3616027832031
 53.752098083496, -2.3606586456299
 53.753700256348, -2.3614883422852
 53.755950927734, -2.3614883422852
 53.757190704346, -2.3596286773682
 53.758964538574, -2.3575687408447
 53.759937286377, -2.3564529418945
 53.766536712646, -2.3385715484619
 53.771648406982, -2.3178577423096
 53.783187866211, -2.2990322113037
 53.785629272461, -2.2799205780029
 53.785591125488, -2.2789192199707
 53.785724639893, -2.2754859924316
 53.786163330078, -2.2728252410889
 53.786945343018, -2.2674179077148
 53.787937164307, -2.263298034668
 53.789806365967, -2.2616672515869
 53.790321350098, -2.2588920593262
 53.789920806885, -2.2556591033936
 53.78870010376, -2.2523403167725
 53.789672851562, -2.2496509552002
 53.789749145508, -2.2469043731689
 53.788909912109, -2.2453308105469
 53.78833770752, -2.2432994842529
 53.787746429443, -2.2425556182861
 53.787803649902, -2.2454452514648
 53.787822723389, -2.2454452514648
 53.787860870361, -2.2454166412354
 53.787860870361, -2.2454738616943
 53.787822723389, -2.2454738616943
 53.787784576416, -2.2455024719238
 53.787784576416, -2.2455024719238
 53.787784576416, -2.2455024719238
 53.787784576416, -2.2455024719238
 53.787746429443, -2.2456169128418
 53.787689208984, -2.2455024719238
 53.78776550293, -2.2456169128418
 53.787746429443, -2.2455024719238
 53.787746429443, -2.2455596923828
 53.787784576416, -2.2454452514648
 53.787784576416, -2.2454738616943
 53.78776550293, -2.2454166412354
 53.787784576416, -2.2455883026123
 53.78776550293, -2.2455310821533
 53.787784576416, -2.2454452514648
 53.787803649902, -2.2455596923828
 53.787822723389, -2.2454452514648
 53.787822723389, -2.2455596923828
 53.787822723389, -2.2454738616943
 53.787784576416, -2.2455883026123
 53.787746429443, -2.2455024719238
 53.787460327148, -2.2444438934326
 53.785591125488, -2.246789932251
 53.784866333008, -2.2501373291016
 53.784332275391, -2.2518539428711
 53.781242370605, -2.2539710998535
 53.779048919678, -2.2542858123779
 53.777751922607, -2.2539138793945
 53.776035308838, -2.2551727294922
 53.774471282959, -2.2562026977539
 53.773555755615, -2.2568035125732
 53.770694732666, -2.2586059570312
 53.758983612061, -2.2588062286377
 53.740177154541, -2.2852993011475
 53.731784820557, -2.2874450683594
 53.729934692383, -2.2874736785889
 53.728694915771, -2.2865581512451
 53.725681304932, -2.2859287261963
 53.724098205566, -2.2871017456055
 53.722953796387, -2.2880744934082
 53.719749450684, -2.2897338867188
 53.71862411499, -2.2901630401611
 53.716735839844, -2.2912788391113
 53.715229034424, -2.2919654846191
 53.712902069092, -2.290678024292
 53.711318969727, -2.2900199890137
 53.708400726318, -2.288990020752
 53.707160949707, -2.2881317138672
 53.706436157227, -2.2869873046875
 53.704414367676, -2.2857856750488
 53.701782226562, -2.2865867614746
 53.69945526123, -2.2891330718994
 53.698768615723, -2.2927379608154
 53.696098327637, -2.3032379150391
 53.673610687256, -2.3099899291992
 53.668441772461, -2.3045825958252
 53.661155700684, -2.2895336151123
 53.661155700684, -2.2895336151123
 53.637027740479, -2.2489356994629
 53.62922668457, -2.2244739532471
 53.626098632812, -2.2058200836182
 53.624591827393, -2.2033309936523
 53.623886108398, -2.2022724151611
 53.622455596924, -2.1986389160156
 53.622398376465, -2.195463180542
 53.622875213623, -2.191915512085
 53.62268447876, -2.1872234344482
 53.622131347656, -2.1843338012695
 53.621730804443, -2.1809005737305
 53.620052337646, -2.1808433532715
 53.617362976074, -2.1799564361572
 53.616161346436, -2.1797275543213
 53.614673614502, -2.180700302124
 53.613224029541, -2.1819877624512
 53.613548278809, -2.1794986724854
 53.614101409912, -2.1761226654053
 53.61478805542, -2.1722888946533
 53.615264892578, -2.1699142456055
 53.616847991943, -2.1677684783936
 53.617496490479, -2.166109085083
 53.617210388184, -2.1611881256104
 53.616638183594, -2.1580410003662
 53.615894317627, -2.1599006652832
 53.614902496338, -2.1619892120361
 53.612194061279, -2.1635341644287
 53.610553741455, -2.1640491485596
 53.608570098877, -2.1646499633789
 53.607044219971, -2.1657657623291
 53.60559463501, -2.1677398681641
 53.604393005371, -2.1706295013428
 53.603496551514, -2.1730041503906
 53.602714538574, -2.175121307373
 53.602142333984, -2.1782684326172
 53.602199554443, -2.1794414520264
 53.60221862793, -2.1810722351074
 53.602333068848, -2.1829891204834
 53.602409362793, -2.1840476989746
 53.602676391602, -2.1884250640869
 53.602352142334, -2.1903705596924
 53.596630096436, -2.2021007537842
 53.59561920166, -2.2036743164062
 53.594818115234, -2.2055912017822
 53.593654632568, -2.2094535827637
 53.593139648438, -2.2131156921387
 53.593482971191, -2.2176647186279
 53.593692779541, -2.2216987609863
 53.594036102295, -2.2249889373779
 53.593349456787, -2.2289085388184
 53.593139648438, -2.2326278686523
 53.593139648438, -2.2370052337646
 53.593521118164, -2.2432708740234
 53.591117858887, -2.266731262207
 53.592529296875, -2.2797775268555
 53.592910766602, -2.2843837738037
 53.592987060547, -2.2866439819336
 53.594493865967, -2.2890472412109
 53.596019744873, -2.290620803833
 53.594951629639, -2.2931098937988
 53.594379425049, -2.2946834564209
 53.593692779541, -2.2974586486816
 53.592014312744, -2.2976016998291
 53.590068817139, -2.2994041442871
 53.58922958374, -2.3001766204834
 53.589248657227, -2.3001766204834
 53.589248657227, -2.3001480102539
 53.589248657227, -2.3001766204834
 53.589248657227, -2.3001480102539
 53.589248657227, -2.3001480102539
 53.589248657227, -2.3001480102539
 53.589248657227, -2.3001480102539
 53.586864471436, -2.3007202148438
 53.584785461426, -2.2996044158936
 53.582935333252, -2.2986888885498
 53.580589294434, -2.2975730895996
 53.578224182129, -2.2969150543213
 53.572101593018, -2.2947406768799
 53.562717437744, -2.2915077209473
 53.562202453613, -2.2919368743896
 53.55978012085, -2.2934818267822
 53.557167053223, -2.2949981689453
 53.55525970459, -2.296142578125
 53.553886413574, -2.2970008850098
 53.551826477051, -2.296085357666
 53.550281524658, -2.2952556610107
 53.548564910889, -2.2940826416016
 53.546295166016, -2.2921371459961
 53.54471206665, -2.2910785675049
 53.543033599854, -2.2895336151123
 53.541374206543, -2.2863292694092
 53.539810180664, -2.2832679748535
 53.539161682129, -2.2805500030518
 53.538475036621, -2.2789478302002
 53.536911010742, -2.2744560241699
 53.536510467529, -2.2717380523682
 53.535575866699, -2.2692775726318
 53.533229827881, -2.2673320770264
 53.531341552734, -2.2663879394531
 53.529567718506, -2.2662448883057
 53.527202606201, -2.2660160064697
 53.525905609131, -2.265043258667
 53.524188995361, -2.2637844085693
 53.521575927734, -2.2620105743408
 53.519401550293, -2.2592067718506
 53.517971038818, -2.2568607330322
 53.517265319824, -2.2537136077881
 53.516216278076, -2.2500514984131
 53.51469039917, -2.2498226165771
 53.513145446777, -2.2506809234619
 53.511924743652, -2.2518253326416
 53.510494232178, -2.2528266906738
 53.508739471436, -2.2533702850342
 53.507022857666, -2.2538280487061
 53.505058288574, -2.2542572021484
 53.504028320312, -2.2535705566406
 53.504028320312, -2.252197265625
 53.503551483154, -2.2503089904785
 53.50248336792, -2.2474479675293
 53.501205444336, -2.2445869445801
 53.500003814697, -2.2419834136963
 53.499450683594, -2.2387504577637
 53.499488830566, -2.2362041473389
 53.498039245605, -2.2368907928467
 53.496341705322, -2.2380065917969
 53.49494934082, -2.2386932373047
 53.492908477783, -2.2396659851074
 53.490371704102, -2.2411823272705
 53.489208221436, -2.241096496582
 53.487758636475, -2.2400951385498
 53.487758636475, -2.2400951385498
 53.487758636475, -2.2400951385498
 53.487758636475, -2.2400951385498
 53.485431671143, -2.2420120239258
 53.484859466553, -2.2422409057617
 53.484401702881, -2.2435855865479
 53.484401702881, -2.2435855865479
 53.480491638184, -2.2482204437256
 53.479385375977, -2.2489929199219
 53.477897644043, -2.2497081756592
 53.475875854492, -2.2513103485107
 53.474597930908, -2.2514247894287
 53.474349975586, -2.2485637664795
 53.473987579346, -2.2438716888428
 53.474788665771, -2.2409534454346
 53.475666046143, -2.2380638122559
 53.476848602295, -2.2368907928467
 53.476963043213, -2.2369194030762
 53.476905822754, -2.2369480133057
 53.478240966797, -2.2397232055664
 53.479099273682, -2.2425842285156
 53.478717803955, -2.2425556182861
 53.478660583496, -2.2422981262207
 53.478221893311, -2.2414398193359
