 55.239128, -6.347973
 55.239128, -6.347973
 55.239128, -6.347973
 55.239128, -6.347973
 55.239128, -6.347973
 55.239128, -6.347973
 55.239128, -6.347973
 55.239128, -6.347973
 55.239128, -6.347973
 55.239128, -6.347973
 55.239128, -6.347973
 55.239128, -6.347973
 55.239128, -6.347973
 55.239128, -6.347973
 55.239128, -6.347973
 55.23885, -6.346493
 55.238758, -6.344959
 55.23856, -6.343371
 55.238071, -6.342051
 55.238354, -6.340324
 55.238354, -6.3388
 55.238152, -6.336837
 55.238255, -6.335506
 55.238934, -6.334337
 55.239319, -6.332749
 55.239521, -6.332604
 55.239521, -6.332604
 55.239521, -6.332604
 55.239521, -6.332604
 55.239521, -6.332604
 55.200901031494, -6.6533088684082
 55.206184387207, -6.6554546356201
 55.208015441895, -6.6551399230957
 55.208072662354, -6.6552257537842
 55.204162597656, -6.6500186920166
 55.199451446533, -6.650562286377
 55.190410614014, -6.6565132141113
 55.187187194824, -6.6563129425049
 55.187187194824, -6.6563129425049
 55.187187194824, -6.6563415527344
 55.187168121338, -6.6563415527344
 55.187149047852, -6.6563415527344
 55.187168121338, -6.6563415527344
 55.187149047852, -6.6563129425049
 55.187149047852, -6.6563701629639
 55.187149047852, -6.6563415527344
 55.187168121338, -6.6563129425049
 55.187149047852, -6.6563129425049
 55.187149047852, -6.6563415527344
 55.187149047852, -6.6563415527344
 55.187149047852, -6.6563415527344
 55.187149047852, -6.6563415527344
 55.187149047852, -6.6563415527344
 55.239136, -6.347963
 55.233341, -6.518052
 55.233341, -6.518052
 55.233341, -6.518052
 55.233284, -6.517467
 55.2342, -6.516057
 55.187149047852, -6.6563415527344
 55.187129974365, -6.6563987731934
 55.187110900879, -6.6564559936523
 55.187149047852, -6.6564273834229
 55.186977386475, -6.6560554504395
 55.19718170166, -6.6546821594238
 55.204277038574, -6.6528511047363
 55.207901000977, -6.6547966003418
 55.207939147949, -6.6547393798828
 55.207996368408, -6.6546821594238
 55.207958221436, -6.6548252105713
 55.207958221436, -6.6548538208008
 55.207920074463, -6.6547679901123
 55.207920074463, -6.6547679901123
 55.207386016846, -6.653995513916
 55.203304290771, -6.6515350341797
 55.201625823975, -6.6522789001465
 55.201625823975, -6.6522789001465
 55.201606750488, -6.6522789001465
 55.201644897461, -6.6523361206055
 55.201625823975, -6.6523361206055
 55.201606750488, -6.6524505615234
 55.201606750488, -6.6524505615234
 55.201606750488, -6.6524505615234
 55.201606750488, -6.6524505615234
 55.201606750488, -6.6524505615234
 55.210525, -6.579523
 55.210525, -6.579523
 55.210525, -6.579523
 55.201683044434, -6.6526222229004
 55.201683044434, -6.6526222229004
 55.201683044434, -6.6525936126709
 55.200881958008, -6.6531944274902
 55.191841125488, -6.6561126708984
 55.173397064209, -6.6634368896484
 55.156631469727, -6.6639804840088
 55.145149230957, -6.6672706604004
 55.138263702393, -6.6668128967285
 55.133190155029, -6.6670417785645
 55.13126373291, -6.6670703887939
 55.13126373291, -6.6670703887939
 55.13126373291, -6.6670703887939
 55.13126373291, -6.6670703887939
 55.13126373291, -6.6670703887939
 55.210525, -6.579523
 55.210525, -6.579523
 55.130317358626, -6.6743020856319
 55.130317358626, -6.6743020856319
 55.130317358626, -6.6743020856319
 55.129795074463, -6.6738224029541
 55.129795074463, -6.6738224029541
 55.129795074463, -6.6738224029541
 55.129795074463, -6.6738224029541
 55.129833221436, -6.6738224029541
 55.129795074463, -6.6738224029541
 55.129795074463, -6.6738224029541
 55.129795074463, -6.6738224029541
 55.129795074463, -6.6738224029541
 55.130317358626, -6.6743020856319
 55.130317358626, -6.6743020856319
 55.130317358626, -6.6743020856319
 55.130317358626, -6.6743020856319
 55.130317358626, -6.6743020856319
 55.130317358626, -6.6743020856319
 55.130927077316, -6.6749371847603
 55.13284523269, -6.6747933887312
 55.132920586912, -6.6751408958015
 55.130255701162, -6.6753206408378
 55.130255701162, -6.6753206408378
 55.130255701162, -6.6753206408378
 55.128782744535, -6.6742301876174
 55.130233764648, -6.6739082336426
 55.132484436035, -6.6780853271484
 55.133895874023, -6.6803455352783
 55.13521194458, -6.6829490661621
 55.13542175293, -6.6857814788818
 55.137214660645, -6.6870975494385
 55.138206481934, -6.6880130767822
 55.139312744141, -6.6910457611084
 55.139427185059, -6.6948223114014
 55.139312744141, -6.6976833343506
 55.139255523682, -6.6996288299561
 55.137672424316, -6.7072105407715
 55.138683319092, -6.7396545410156
 55.143413543701, -6.7595386505127
 55.143413543701, -6.7595386505127
 55.146579742432, -6.7736148834229
 55.14741897583, -6.77490234375
 55.149917602539, -6.7787933349609
 55.151405334473, -6.7811965942383
 55.154781341553, -6.7887496948242
 55.154781341553, -6.7887496948242
 55.154781341553, -6.7887496948242
 55.154781341553, -6.7887496948242
 55.154781341553, -6.7887496948242
 55.16558, -6.78643
 55.167007446289, -6.7892074584961
 55.166473388672, -6.7868614196777
 55.166473388672, -6.7868614196777
 55.166473388672, -6.7868614196777
 55.166473388672, -6.7868614196777
 55.159111022949, -6.7881774902344
 55.155506134033, -6.7887210845947
 55.155048370361, -6.7901515960693
 55.159320831299, -6.8044853210449
 55.159320831299, -6.8044853210449
 55.159320831299, -6.8044853210449
 55.159320831299, -6.8044853210449
 55.159320831299, -6.8044853210449
 55.16646, -6.82028
 55.16646, -6.82028
 55.16673, -6.8204
 55.16638, -6.82284
 55.166404120874, -6.8264896465629
 55.166404120874, -6.8264896465629
 55.166404120874, -6.8264896465629
 55.1457, -6.93891
 55.1457, -6.93891
 55.144844055176, -6.9399547576904
 55.143547058105, -6.9411849975586
 55.142517089844, -6.9421291351318
 55.139198303223, -6.945161819458
 55.138072967529, -6.9461917877197
 55.135345458984, -6.9477081298828
 55.135154724121, -6.9477653503418
 55.124053955078, -6.9532585144043
 55.10986328125, -6.945219039917
 55.092391967773, -6.9365787506104
 55.074310302734, -6.9308853149414
 55.062065124512, -6.9364929199219
 55.058155059814, -6.9442462921143
 55.056114196777, -6.9486522674561
 55.053768157959, -6.9475078582764
 55.051155090332, -6.9481086730957
 55.050163269043, -6.9481372833252
 55.05012512207, -6.9501972198486
 55.049533843994, -6.9532871246338
 55.051765441895, -6.9604969024658
 55.051002502441, -6.9765186309814
 55.045146942139, -7.0065307617188
 55.044956207275, -7.0079326629639
 55.044651031494, -7.0104789733887
 55.04451751709, -7.0124530792236
 55.044403076172, -7.0137691497803
 55.044593811035, -7.0177173614502
 55.04451751709, -7.0189762115479
 55.043964385986, -7.0223808288574
 55.043487548828, -7.0246982574463
 55.042915344238, -7.0299339294434
 55.042934417725, -7.0337390899658
 55.042915344238, -7.0372867584229
 55.042915344238, -7.0387172698975
 55.042839050293, -7.0415496826172
 55.042839050293, -7.0415496826172
 55.042839050293, -7.0415496826172
 55.038890838623, -7.0813751220703
 55.034618377686, -7.1033763885498
 55.034828186035, -7.102689743042
 55.034828186035, -7.1026611328125
 55.034828186035, -7.1026611328125
 55.034828186035, -7.1026611328125
 55.034847259521, -7.102632522583
 55.034828186035, -7.102632522583
 55.034828186035, -7.1026039123535
 55.034809112549, -7.102632522583
 55.034294128418, -7.1046924591064
 55.033626556396, -7.1090126037598
 55.033073425293, -7.1125888824463
 55.032386779785, -7.1171379089355
 55.032215118408, -7.1216011047363
 55.035991668701, -7.1361351013184
 55.036392211914, -7.1542167663574
 55.032291412354, -7.1882057189941
 55.029010772705, -7.2391033172607
 55.023536682129, -7.2519493103027
 55.009117126465, -7.2759819030762
 54.994487762451, -7.2792720794678
 54.990653991699, -7.2988700866699
 54.99153137207, -7.2993278503418
 54.993438720703, -7.3025035858154
 54.994163513184, -7.3045635223389
 54.99490737915, -7.307825088501
 54.997463226318, -7.309455871582
 54.997940063477, -7.3090553283691
 55.000076293945, -7.3052787780762
 55.000972747803, -7.3033046722412
 55.002155303955, -7.3002147674561
 55.003204345703, -7.2976684570312
 55.004177093506, -7.2942924499512
 55.004711151123, -7.2892284393311
 55.005187988281, -7.2873687744141
 55.005874633789, -7.2853660583496
 55.013465881348, -7.2853374481201
 55.022525787354, -7.3070526123047
 55.021934509277, -7.307825088501
 55.01989364624, -7.3087406158447
 55.017871856689, -7.3091125488281
 55.015163421631, -7.3129463195801
 55.014743804932, -7.313346862793
 55.010070800781, -7.3176670074463
 55.009136199951, -7.3185539245605
 55.006122589111, -7.3205852508545
 55.00358581543, -7.3213863372803
 55.001621246338, -7.322359085083
 54.999465942383, -7.3217868804932
 54.998073577881, -7.3184394836426
 54.99626159668, -7.3172664642334
 54.994335174561, -7.3173809051514
 54.992790222168, -7.3186111450195
 54.992160797119, -7.3199558258057
 54.995250701904, -7.3214149475098
 54.996032714844, -7.3214149475098
 54.997520446777, -7.3193836212158
 54.998321533203, -7.3195552825928
 54.998226165771, -7.3196125030518
 54.998683929443, -7.3192977905273
 54.996585845947, -7.31858253479
