 50.796031951904, -1.0654735565186
 50.795993804932, -1.0655307769775
 50.794982910156, -1.0670471191406
 50.794868469238, -1.0692501068115
 50.795383453369, -1.0719394683838
 50.795955657959, -1.0761165618896
 50.79927444458, -1.0769748687744
 50.802345275879, -1.0772323608398
 50.804233551025, -1.076831817627
 50.807399749756, -1.0772323608398
 50.809135437012, -1.0775470733643
 50.810260772705, -1.0786628723145
 50.811977386475, -1.0799217224121
 50.812797546387, -1.0800361633301
 50.813255310059, -1.083984375
 50.814685821533, -1.0876750946045
 50.834941864014, -1.0848712921143
 50.83402633667, -1.0510540008545
 50.845031738281, -1.0160064697266
 50.869102478027, -1.0161209106445
 50.869102478027, -1.0161209106445
 50.90633392334, -0.99918365478516
 50.923538208008, -0.99783897399902
 50.943546295166, -0.98516464233398
 50.967617034912, -0.97798347473145
 50.992050170898, -0.94911575317383
 50.996112823486, -0.9444522857666
 51.000003814697, -0.93804359436035
 51.001796722412, -0.93549728393555
 51.003818511963, -0.93564033508301
 51.004638671875, -0.93841552734375
 51.006927490234, -0.9371280670166
 51.006927490234, -0.9371280670166
 51.006927490234, -0.9371280670166
 51.009674072266, -0.92840194702148
 51.011238098145, -0.92582702636719
 51.011238098145, -0.92582702636719
 51.005611419678, -0.8613109588623
 51.008129119873, -0.85003852844238
 51.00830078125, -0.84623336791992
 51.008529663086, -0.84368705749512
 51.002635955811, -0.82720756530762
 50.991744995117, -0.77828407287598
 50.988883972168, -0.76083183288574
 50.988883972168, -0.76083183288574
 50.988883972168, -0.76083183288574
 50.986385345459, -0.73911666870117
 50.987014770508, -0.73880195617676
 50.989627838135, -0.73748588562012
 50.990829467773, -0.73459625244141
 50.992107391357, -0.73439598083496
 50.997314453125, -0.73144912719727
 50.997314453125, -0.73144912719727
 50.997314453125, -0.73144912719727
 50.997314453125, -0.73144912719727
 50.997314453125, -0.73144912719727
 50.993518829346, -0.7210636138916
 50.994338989258, -0.72203636169434
 50.994777679443, -0.72200775146484
 50.994758605957, -0.72192192077637
 50.994834899902, -0.72189331054688
 50.99479675293, -0.72189331054688
 50.994815826416, -0.72192192077637
 50.994834899902, -0.72189331054688
 50.994834899902, -0.72195053100586
 50.993633270264, -0.72097778320312
 50.990314483643, -0.69754600524902
 50.989665985107, -0.66770553588867
 50.987224578857, -0.63863754272461
 50.987339019775, -0.63777923583984
 50.987529754639, -0.62639236450195
 50.984287261963, -0.61245918273926
 50.98424911499, -0.61211585998535
 50.985374450684, -0.61111450195312
 50.985374450684, -0.61111450195312
 50.984154306837, -0.61111253294958
 50.982440996206, -0.61142437125789
 50.980065562182, -0.61231395831092
 50.980065562182, -0.61231395831092
 50.953033095814, -0.62988903212875
 50.959548950195, -0.62553405761719
 50.952758789062, -0.62994003295898
 50.949726104736, -0.63248634338379
 50.947761535645, -0.63363075256348
 50.944557189941, -0.63549041748047
 50.943946838379, -0.63700675964355
 50.943546295166, -0.63883781433105
 50.943050384521, -0.63906669616699
 50.927448272705, -0.64078330993652
 50.912685394287, -0.66324234008789
 50.905609130859, -0.66593170166016
 50.89879989624, -0.68012237548828
 50.896625518799, -0.70890426635742
 50.879364013672, -0.72189331054688
 50.87911605835, -0.72212219238281
 50.879096984863, -0.72212219238281
 50.879154205322, -0.72209358215332
 50.879173278809, -0.72209358215332
 50.87911605835, -0.72212219238281
 50.87911605835, -0.72212219238281
 50.86181640625, -0.73874473571777
 50.867290496826, -0.77539443969727
 50.857734680176, -0.78306198120117
 50.855083465576, -0.78206062316895
 50.853099822998, -0.78145980834961
 50.85111618042, -0.7804012298584
 50.849571228027, -0.7796573638916
 50.846824645996, -0.7793140411377
 50.845050811768, -0.7792854309082
 50.843181610107, -0.77917098999023
 50.841751098633, -0.77713966369629
 50.841789245605, -0.77713966369629
 50.841808319092, -0.77716827392578
 50.841789245605, -0.77713966369629
 50.841789245605, -0.7771110534668
 50.841770172119, -0.77713966369629
 50.841770172119, -0.77713966369629
 50.841770172119, -0.77713966369629
 50.841770172119, -0.77713966369629
 50.841770172119, -0.77713966369629
 50.843084491275, -0.77841573509024
 50.843084491275, -0.77841573509024
 50.843084491275, -0.77841573509024
 50.843084491275, -0.77841573509024
 50.843084491275, -0.77841573509024
 50.843084491275, -0.77841573509024
 50.843084491275, -0.77841573509024
 50.843084491275, -0.77841573509024
 50.843084491275, -0.77841573509024
 50.838279724121, -0.77871322631836
 50.836086273193, -0.77550888061523
 50.836086273193, -0.77550888061523
 50.836086273193, -0.77550888061523
 50.836086273193, -0.77550888061523
 50.836086273193, -0.77550888061523
 50.83966, -0.76662
 50.840995068492, -0.76373821214549
 50.84268, -0.75995
 50.84342, -0.75853
 50.844287872314, -0.75613975524902
 50.844306945801, -0.75613975524902
 50.844306945801, -0.75613975524902
 50.844306945801, -0.75613975524902
 50.842266082764, -0.75625419616699
 50.830345153809, -0.74958801269531
 50.823650360107, -0.73159217834473
 50.807037353516, -0.70149421691895
 50.80696105957, -0.70140838623047
 50.805549621582, -0.70032119750977
 50.804405212402, -0.69966316223145
 50.80207824707, -0.69740295410156
 50.801391601562, -0.69551467895508
 50.798530578613, -0.69165229797363
 50.796051025391, -0.6877326965332
 50.795307159424, -0.68530082702637
 50.794773101807, -0.68218231201172
 50.792827606201, -0.67686080932617
 50.791358947754, -0.67388534545898
 50.789852142334, -0.67502975463867
 50.787811279297, -0.67634582519531
 50.784606933594, -0.67657470703125
 50.78332901001, -0.67545890808105
 50.783195495605, -0.67359924316406
 50.784397125244, -0.6705379486084
 50.785350799561, -0.66753387451172
 50.78742980957, -0.6657600402832
 50.792102813721, -0.67377090454102
 50.795021057129, -0.67171096801758
 50.798034667969, -0.66650390625
 50.802154541016, -0.66653251647949
 50.804100036621, -0.66696166992188
 50.8229637146, -0.67048072814941
 50.830574035645, -0.66950798034668
 50.832595825195, -0.66947937011719
 50.834941864014, -0.66842079162598
 50.837326049805, -0.66850662231445
 50.83854675293, -0.66864967346191
 50.842037200928, -0.66601753234863
 50.842113494873, -0.66412925720215
 50.842342376709, -0.66032409667969
 50.855903625488, -0.65093994140625
 50.853023529053, -0.62553405761719
 50.857601165771, -0.59429168701172
 50.856494903564, -0.57921409606934
 50.852909088135, -0.56110382080078
 50.854015350342, -0.55801391601562
 50.854663848877, -0.55423736572266
 50.8544921875, -0.55392265319824
 50.85428237915, -0.55109024047852
 50.854721069336, -0.55129051208496
 50.854721069336, -0.55129051208496
 50.854721069336, -0.55129051208496
 50.854721069336, -0.55129051208496
 50.854721069336, -0.55126190185547
 50.854721069336, -0.55126190185547
 50.854721069336, -0.55126190185547
 50.854721069336, -0.55126190185547
 50.855496882717, -0.55215062994895
 50.855496882717, -0.55215062994895
 50.855496882717, -0.55215062994895
 50.853786468506, -0.55289268493652
 50.853023529053, -0.5522346496582
 50.853023529053, -0.5522346496582
 50.846977233887, -0.5427360534668
 50.841217041016, -0.5009937286377
 50.840682983398, -0.40803909301758
 50.832767486572, -0.38068771362305
 50.831813812256, -0.38005828857422
 50.830860137939, -0.37851333618164
 50.828723907471, -0.37493705749512
 50.828132629395, -0.37419319152832
 50.828132629395, -0.37419319152832
 50.828132629395, -0.37419319152832
 50.828132629395, -0.37419319152832
 50.81159764654, -0.3702453669209
 50.809795334368, -0.36955580460099
 50.81009902554, -0.36721547187868
 50.813045501709, -0.37070274353027
 50.81184387207, -0.37027359008789
 50.810699462891, -0.36995887756348
 50.810127258301, -0.36718368530273
 50.811996459961, -0.3665828704834
 50.812091827393, -0.36500930786133
 50.812511444092, -0.3603458404541
 50.812892913818, -0.35616874694824
 50.813980102539, -0.3482723236084
 50.815448760986, -0.34157752990723
 50.816268920898, -0.3380012512207
 50.818500518799, -0.33079147338867
 50.818500518799, -0.33079147338867
 50.818500518799, -0.33079147338867
 50.818500518799, -0.33079147338867
 50.818500518799, -0.33079147338867
 50.835956993754, -0.31754138156835
 50.83044052124, -0.31908988952637
 50.832901000977, -0.31840324401855
 50.833911895752, -0.31797409057617
 50.834484100342, -0.31780242919922
 50.836334228516, -0.3174877166748
 50.842952728271, -0.29236793518066
 50.845050811768, -0.25257110595703
 50.856170654297, -0.18370628356934
 50.851612091064, -0.18033027648926
 50.850028991699, -0.18324851989746
 50.848045349121, -0.18276214599609
 50.846214294434, -0.18050193786621
 50.844650268555, -0.17738342285156
 50.838756561279, -0.17108917236328
 50.838794708252, -0.1710319519043
 50.838069915771, -0.16831398010254
 50.837707519531, -0.16719818115234
 50.835571289062, -0.16639709472656
 50.833549499512, -0.16682624816895
 50.831317901611, -0.16748428344727
 50.829238891602, -0.16797065734863
 50.828533172607, -0.16819953918457
 50.82649230957, -0.16868591308594
