 52.42237316407, -4.0838948840021
 52.42237316407, -4.0838948840021
 52.42237316407, -4.0838948840021
 52.42237316407, -4.0838948840021
 52.424343877972, -4.0827342442768
 52.424343877972, -4.0827342442768
 52.424343877972, -4.0827342442768
 52.424343877972, -4.0827342442768
 52.424343877972, -4.0827342442768
 52.424343877972, -4.0827342442768
 52.424343877972, -4.0827342442768
 52.421875, -4.0846538543701
 52.421550750732, -4.0845966339111
 52.419757843018, -4.0845108032227
 52.418251037598, -4.0841674804688
 52.416305541992, -4.0854549407959
 52.414207458496, -4.0858840942383
 52.414302825928, -4.0853691101074
 52.414321899414, -4.0853404998779
 52.4143409729, -4.0853977203369
 52.414321899414, -4.0853118896484
 52.415657043457, -4.0817642211914
 52.416152954102, -4.0793323516846
 52.416534423828, -4.0745544433594
 52.416591644287, -4.0734386444092
 52.416591644287, -4.0734386444092
 52.416591644287, -4.0734386444092
 52.416591644287, -4.0734386444092
 52.418932238139, -4.0633286292252
 52.418932238139, -4.0633286292252
 52.418932238139, -4.0633286292252
 52.418932238139, -4.0633286292252
 52.418932238139, -4.0633286292252
 52.418932238139, -4.0633286292252
 52.418932238139, -4.0633286292252
 52.418932238139, -4.0633286292252
 52.418932238139, -4.0633286292252
 52.418932238139, -4.0633286292252
 52.419668003523, -4.0599509986897
 52.41968022776, -4.0598836240219
 52.440536836776, -4.0288003229695
 52.441710919021, -4.02829957718
 52.443712164447, -4.027030015768
 52.445262617389, -4.0262782680725
 52.447345825086, -4.0242249424533
 52.44858550442, -4.0230283786881
 52.450542353617, -4.0207517912603
 52.452225995248, -4.0197729397749
 52.453875522147, -4.019065984426
 52.453875522147, -4.019065984426
 52.484011696717, -3.9826000408521
 52.484409846617, -3.9827050762624
 52.486800412826, -3.9820698686696
 52.488818733726, -3.9813847153185
 52.490550490057, -3.9817313798143
 52.490550490057, -3.9817313798143
 52.503186036645, -3.9791166656272
 52.504996036775, -3.9785531750207
 52.506249376488, -3.9787000240879
 52.576637268066, -3.8942241668701
 52.585258483887, -3.870906829834
 52.587108612061, -3.8569164276123
 52.588310241699, -3.8541984558105
 52.589454650879, -3.8531684875488
 52.590847015381, -3.8532829284668
 52.590847015381, -3.8532829284668
 52.5927734375, -3.8540840148926
 52.59407043457, -3.8551998138428
 52.595405578613, -3.8554000854492
 52.597026824951, -3.8553142547607
 52.606925964355, -3.848876953125
 52.606925964355, -3.848876953125
 52.606925964355, -3.848876953125
 52.606925964355, -3.848876953125
 52.660026550293, -3.8517665863037
 52.660026550293, -3.8517665863037
 52.660026550293, -3.8517665863037
 52.660026550293, -3.8517665863037
 52.660026550293, -3.8517665863037
 52.742369123335, -3.8796386881322
 52.742369123335, -3.8796386881322
 52.742369123335, -3.8796386881322
 52.742369123335, -3.8796386881322
 52.742369123335, -3.8796386881322
 52.745056152344, -3.8732814788818
 52.742385864258, -3.8800048828125
 52.742481231689, -3.8826084136963
 52.742481231689, -3.8826084136963
 52.742481231689, -3.8826084136963
 52.742481231689, -3.8826084136963
 52.742481231689, -3.8826084136963
 52.74512158233, -3.8937764401557
 52.74487569552, -3.8960982775866
 52.74528550687, -3.8995099570771
 52.745311493074, -3.9003214035321
 52.745311493074, -3.9003214035321
 52.757568359375, -3.9041519165039
 52.757568359375, -3.9041519165039
 52.757568359375, -3.9041519165039
 52.757568359375, -3.9041519165039
 52.757568359375, -3.9041519165039
 52.8635597229, -3.9136505126953
 52.886962890625, -3.9180278778076
 52.910804748535, -3.9248085021973
 52.921524047852, -3.9273548126221
 52.938709259033, -3.9548778533936
 52.938709259033, -3.9548778533936
 52.938709259033, -3.9548778533936
 52.938709259033, -3.9548778533936
 52.938709259033, -3.9548778533936
 52.960303277037, -3.9333902566813
 52.961901541302, -3.9306317140302
 52.963203098218, -3.9293407369034
 52.979203593555, -3.930462587453
 52.978763580322, -3.9306449890137
 52.979278564453, -3.9303874969482
 52.979278564453, -3.9303874969482
 52.985610961914, -3.9295291900635
 52.986373901367, -3.9292430877686
 52.988224029541, -3.9276123046875
 52.989044189453, -3.9274978637695
 52.990798950195, -3.9289569854736
 52.992382049561, -3.929557800293
 52.99409866333, -3.9324760437012
 52.994632720947, -3.9354228973389
 52.99488067627, -3.9362525939941
 52.994525, -3.9375364
 52.994525, -3.9375364
 52.994525, -3.9375364
 52.994769038378, -3.9449719682617
 52.992963493993, -3.9540907513428
 52.987278826654, -3.9569237301636
 52.984450528119, -3.9649918624268
 52.979321696352, -3.9722660899658
 52.974900707294, -3.974025666687
 52.968181950563, -3.9703129629517
 52.962157199286, -3.9722445661621
 52.961593154075, -3.9667725238037
 52.959858893063, -3.9703993174438
 52.958075515331, -3.9781239153442
 52.956939619635, -3.9912124815064
 52.954855273579, -4.000160333374
 52.954715583406, -4.0097737619019
 52.951146157039, -4.0170909894409
 52.949515570971, -4.0083785396728
 52.946285536563, -4.0066193121948
 52.944708254435, -4.0174336349487
 52.944294047246, -4.0285922380982
 52.945161292574, -4.0371108306885
 52.944369792463, -4.0476891534424
 52.939922485006, -4.0542982909546
 52.936794, -4.06271
 52.93271077188, -4.0710800845002
 52.92981, -4.078503
 52.925745385583, -4.0888450846558
 52.923992602836, -4.0977305132722
 52.920341257456, -4.1042951005249
 52.919357, -4.107428
 52.924, -4.125431
 52.923955288224, -4.1267456322062
 52.923955288224, -4.1267456322062
 52.923955288224, -4.1267456322062
 52.923955288224, -4.1267456322062
 52.923955288224, -4.1267456322062
 52.924793123542, -4.127817994708
 52.925718614174, -4.1295584122859
 52.927227020264, -4.1318321228027
 52.927684783936, -4.1339778900146
 52.927684783936, -4.1339778900146
 52.927684783936, -4.1339778900146
 52.927684783936, -4.1339778900146
 52.933616638184, -4.196720123291
 52.921619415283, -4.2174911499023
 52.921409606934, -4.2181777954102
 52.921409606934, -4.2181777954102
 52.920246124268, -4.2284774780273
 52.919864654541, -4.2315673828125
 52.91934967041, -4.2358303070068
 52.919178009033, -4.2372035980225
 52.918834686279, -4.2421817779541
 52.920055389404, -4.2656421661377
 52.920055389404, -4.2656421661377
 52.920055389404, -4.2656421661377
 52.900581359863, -4.3638324737549
 52.896766662598, -4.3949031829834
 52.894458770752, -4.40185546875
 52.892475128174, -4.4048881530762
 52.890739440918, -4.4066333770752
 52.888431549072, -4.405689239502
 52.886962890625, -4.4047164916992
 52.886943817139, -4.4046878814697
 52.886962890625, -4.4046878814697
 52.886924743652, -4.4046592712402
 52.886943817139, -4.4046592712402
 52.886943817139, -4.4046878814697
 52.886943817139, -4.4046878814697
 52.886943817139, -4.4046878814697
 52.886943817139, -4.4046878814697
 52.886943817139, -4.4046878814697
 52.887154850894, -4.4054708216209
 52.887154850894, -4.4054708216209
 52.887154850894, -4.4054708216209
 52.887154850894, -4.4054708216209
 52.887154850894, -4.4054708216209
 52.887154850894, -4.4054708216209
 52.887154850894, -4.4054708216209
 52.887154850894, -4.4054708216209
 52.887154850894, -4.4054708216209
 52.887154850894, -4.4054708216209
 52.886981964111, -4.4047451019287
 52.886962890625, -4.4047164916992
 52.886981964111, -4.4047164916992
 52.886962890625, -4.4047451019287
 52.886962890625, -4.4047451019287
 52.886981964111, -4.4047451019287
 52.886962890625, -4.4047451019287
 52.886962890625, -4.4047164916992
 52.886962890625, -4.4047164916992
 52.886924743652, -4.4051742553711
 52.8883934021, -4.4056606292725
 52.889423370361, -4.4063472747803
 52.891407012939, -4.4068050384521
 52.891235351562, -4.4104385375977
 52.890815734863, -4.4134998321533
 52.889766693115, -4.4170761108398
 52.888984680176, -4.4187355041504
 52.888164520264, -4.4182205200195
 52.888164520264, -4.4182205200195
 52.89213180542, -4.4113540649414
 52.89306640625, -4.4083499908447
 52.907180786133, -4.398307800293
 52.92387008667, -4.3844604492188
 52.941246032715, -4.3942737579346
 52.964286804199, -4.3987655639648
 52.979412078857, -4.4055461883545
 53.007411956787, -4.3903255462646
 53.013038635254, -4.3778228759766
 53.029308319092, -4.3565654754639
 53.045635223389, -4.3385696411133
 53.062648773193, -4.3226051330566
 53.062648773193, -4.3226051330566
 53.062648773193, -4.3226051330566
 53.062648773193, -4.3226051330566
 53.062648773193, -4.3226051330566
 53.111344899202, -4.2688573845007
 53.111344899202, -4.2688573845007
 53.111344899202, -4.2688573845007
 53.111344899202, -4.2688573845007
 53.111344899202, -4.2688573845007
 53.112964835175, -4.2687218090776
 53.122329711914, -4.2679595947266
 53.131561279297, -4.2701053619385
 53.132495880127, -4.269905090332
 53.134078979492, -4.269905090332
 53.135089874268, -4.269962310791
 53.137397766113, -4.2702484130859
 53.13850402832, -4.2706489562988
 53.139991760254, -4.2715358734131
 53.140335083008, -4.273796081543
 53.140335083008, -4.273796081543
 53.140335083008, -4.273796081543
 53.140335083008, -4.273796081543
 53.139983995041, -4.276798197552
 53.141977560691, -4.2755210172436
 53.140335083008, -4.2767143249512
 53.141708374023, -4.2759418487549
 53.141708374023, -4.2759418487549
 53.141708374023, -4.2759418487549
 53.141708374023, -4.2759418487549
 53.141708374023, -4.2759418487549
 53.144953616408, -4.2729786978005
 53.144953616408, -4.2729786978005
 53.144953616408, -4.2729786978005
 53.144953616408, -4.2729786978005
 53.144953616408, -4.2729786978005
 53.144953616408, -4.2729786978005
 53.144106042967, -4.2728371668488
 53.145406657812, -4.2705587215828
 53.147477380216, -4.2677470141286
 53.150050739769, -4.264610072264
 53.150050739769, -4.264610072264
 53.178462063183, -4.2178675214171
 53.178723949848, -4.2172727694435
 53.179909613119, -4.2149450153728
 53.181007179687, -4.2132734796218
 53.182530311872, -4.2109567648327
 53.181800842285, -4.2119407653809
 53.181800842285, -4.2119407653809
 53.181800842285, -4.2119407653809
 53.181800842285, -4.2119407653809
 53.187659663871, -4.2032640316075
 53.2288354, -4.1366434
 53.2288354, -4.1366434
 53.2287112, -4.1357248
 53.2275276, -4.1340633
 53.2254922, -4.1351233
 53.223672, -4.1353397
 53.226890563965, -4.1343212127686
 53.225727081299, -4.1350936889648
 53.223991394043, -4.1353797912598
 53.225917816162, -4.1312026977539
 53.228225708008, -4.1276836395264
 53.229217529297, -4.1262531280518
 53.233909606934, -4.1229057312012
 53.232173919678, -4.1174983978271
 53.230018615723, -4.118127822876
 53.228054046631, -4.123477935791
 53.226203918457, -4.1265392303467
 53.224601745605, -4.1285133361816
 53.22322845459, -4.130916595459
 53.222389221191, -4.1334629058838
 53.220767974854, -4.1365814208984
 53.219127655029, -4.1391277313232
 53.216857910156, -4.1407871246338
 53.214416503906, -4.1431331634521
 53.212051391602, -4.1463661193848
 53.210697174072, -4.1484546661377
 53.210697174072, -4.1484546661377
 53.210697174072, -4.1484546661377
 53.210697174072, -4.1484546661377
 53.210697174072, -4.1484546661377
 53.2110317, -4.1479005
 53.1715965271, -4.2282199859619
 53.158435821533, -4.2538833618164
 53.14546585083, -4.2702770233154
 53.139934539795, -4.2712783813477
 53.143749237061, -4.2719650268555
 53.149070739746, -4.2658996582031
 53.163528442383, -4.2456150054932
