 52.574462890625, -0.24181365966797
 52.574443817139, -0.24175643920898
 52.57719039917, -0.24035453796387
 52.57963180542, -0.23952484130859
 52.581005096436, -0.24301528930664
 52.582569122314, -0.24430274963379
 52.58451461792, -0.24561882019043
 52.586135864258, -0.24627685546875
 52.588043212891, -0.24690628051758
 52.588787078857, -0.24853706359863
 52.589817047119, -0.25036811828613
 52.591075897217, -0.25308609008789
 52.590866088867, -0.25674819946289
 52.593288421631, -0.25812149047852
 52.59521484375, -0.26009559631348
 52.596874237061, -0.26129722595215
 52.598342895508, -0.2629280090332
 52.599716186523, -0.26390075683594
 52.60082244873, -0.26504516601562
 52.601890563965, -0.2666187286377
 52.60311126709, -0.26882171630859
 52.604217529297, -0.27065277099609
 52.606506347656, -0.27299880981445
 52.610034942627, -0.27660369873047
 52.622375488281, -0.29322624206543
 52.635383605957, -0.3069019317627
 52.635383605957, -0.3069019317627
 52.660179138184, -0.30884742736816
 52.673988342285, -0.31680107116699
 52.674427032471, -0.31720161437988
 52.674655914307, -0.31725883483887
 52.674827575684, -0.31737327575684
 52.674827575684, -0.31737327575684
 52.674827575684, -0.31737327575684
 52.674827575684, -0.31737327575684
 52.674827575684, -0.31737327575684
 52.683178222797, -0.32525205761983
 52.735222628248, -0.36730106948283
 52.693653106689, -0.33328056335449
 52.715034484863, -0.36051750183105
 52.715034484863, -0.36051750183105
 52.735385894775, -0.36726951599121
 52.735385894775, -0.36726951599121
 52.735385894775, -0.36726951599121
 52.735385894775, -0.36726951599121
 52.741501582072, -0.38308668760836
 52.743260355783, -0.38253168137742
 52.743282318115, -0.38237571716309
 52.743282318115, -0.38237571716309
 52.743282318115, -0.38237571716309
 52.743282318115, -0.38237571716309
 52.743282318115, -0.38237571716309
 52.760288017384, -0.3691799955714
 52.76187945146, -0.37143331766723
 52.762917640214, -0.37321834491813
 52.762813568115, -0.37310600280762
 52.764320373535, -0.37436485290527
 52.765941619873, -0.3764820098877
 52.768001556396, -0.37714004516602
 52.767639160156, -0.37393569946289
 52.767639160156, -0.37393569946289
 52.767639160156, -0.37393569946289
 52.767639160156, -0.37393569946289
 52.767639160156, -0.37393569946289
 52.770320308815, -0.35908971876008
 52.772045135498, -0.31044960021973
 52.779941558838, -0.27717590332031
 52.79239654541, -0.24733543395996
 52.804870605469, -0.22098541259766
 52.788867950439, -0.20736694335938
 52.781600952148, -0.18110275268555
 52.781829833984, -0.17678260803223
 52.783432006836, -0.1714038848877
 52.784328460693, -0.16814231872559
 52.784976959229, -0.16522407531738
 52.785663604736, -0.16239166259766
 52.786273956299, -0.15995979309082
 52.786750793457, -0.1578426361084
 52.787284851074, -0.1548957824707
 52.78736114502, -0.15349388122559
 52.787399291992, -0.1534366607666
 52.787399291992, -0.15349388122559
 52.787399291992, -0.15349388122559
 52.787399291992, -0.15355110168457
 52.787380218506, -0.15352249145508
 52.78736114502, -0.15346527099609
 52.787342071533, -0.15346527099609
 52.78736114502, -0.1534366607666
 52.787380218506, -0.15340805053711
 52.786197662354, -0.15326499938965
 52.783966064453, -0.15172004699707
 52.785987854004, -0.14968872070312
 52.785778045654, -0.14505386352539
 52.786960601807, -0.14262199401855
 52.787799835205, -0.14010429382324
 52.789554595947, -0.13612747192383
 52.78923034668, -0.1347541809082
 52.78844833374, -0.12991905212402
 52.800350189209, -0.11841773986816
 52.808876037598, -0.090036392211914
 52.80689239502, -0.072841644287109
 52.80689239502, -0.072841644287109
 52.80481338501, -0.058736801147461
 52.803707122803, -0.054903030395508
 52.800273895264, -0.042657852172852
 52.800178527832, -0.03936767578125
 52.800121307373, -0.035591125488281
 52.800159454346, -0.029897689819336
 52.801361083984, -0.024862289428711
 52.803993225098, -0.0078964233398438
 52.804145812988, -0.0018596649169922
 52.804279327393, -0.00065803527832031
 52.804279327393, -0.00065803527832031
 52.804279327393, -0.00065803527832031
 52.804279327393, -0.00065803527832031
 52.804279327393, -0.00065803527832031
 52.80366897583, 0.022487640380859
 52.803745269775, 0.025262832641602
 52.803535461426, 0.029439926147461
 52.804279327393, 0.033817291259766
 52.804374694824, 0.040855407714844
 52.806701660156, 0.064458847045898
 52.797546386719, 0.092582702636719
 52.793464660645, 0.10482788085938
 52.793464660645, 0.10482788085938
 52.793464660645, 0.10482788085938
 52.793464660645, 0.10482788085938
 52.793464660645, 0.10482788085938
 52.790129113867, 0.111935007748
 52.789582698734, 0.11511332688854
 52.787759038226, 0.11823000090376
 52.786929170241, 0.11972333105232
 52.780475616455, 0.13186454772949
 52.771816253662, 0.15229225158691
 52.765159606934, 0.19197463989258
 52.758865356445, 0.21866798400879
 52.747230529785, 0.25403022766113
 52.74658203125, 0.2959156036377
 52.747001647949, 0.33568382263184
 52.745113372803, 0.3731632232666
 52.737007141113, 0.39682388305664
 52.742080688477, 0.4013729095459
 52.745113372803, 0.40145874023438
 52.747745513916, 0.40280342102051
 52.748699188232, 0.40205955505371
 52.749519348145, 0.40131568908691
 52.750377655029, 0.40045738220215
 52.751293182373, 0.4002571105957
 52.752685546875, 0.40077209472656
 52.758083343506, 0.39779663085938
 52.75577545166, 0.3947925567627
 52.755813598633, 0.39453506469727
 52.756900787354, 0.3951358795166
 52.757816314697, 0.39645195007324
 52.758159637451, 0.39819717407227
 52.759265899658, 0.3980827331543
 52.759666442871, 0.40114402770996
 52.759265899658, 0.4039478302002
 52.759857177734, 0.40818214416504
 52.761764526367, 0.40946960449219
 52.7614402771, 0.41267395019531
 52.761383056641, 0.41707992553711
 52.760772705078, 0.41619300842285
 52.760772705078, 0.41613578796387
 52.760753631592, 0.41616439819336
 52.760753631592, 0.41607856750488
 52.760734558105, 0.41607856750488
 52.760734558105, 0.41607856750488
 52.760753631592, 0.41610717773438
 52.760753631592, 0.41610717773438
 52.760753631592, 0.41610717773438
 52.760753631592, 0.41610717773438
 52.760753631592, 0.41610717773438
 52.762582200264, 0.4190139827048
 52.762582200264, 0.4190139827048
 52.762582200264, 0.4190139827048
 52.762582200264, 0.4190139827048
 52.762582200264, 0.4190139827048
 52.762582200264, 0.4190139827048
 52.762582200264, 0.4190139827048
 52.762582200264, 0.4190139827048
 52.762582200264, 0.4190139827048
 52.762582200264, 0.4190139827048
 52.762582200264, 0.4190139827048
 52.762582200264, 0.4190139827048
 52.762582200264, 0.4190139827048
 52.760753631592, 0.41610717773438
 52.761535644531, 0.41699409484863
 52.761363983154, 0.41702270507812
 52.761344909668, 0.41707992553711
 52.761383056641, 0.41702270507812
 52.761402130127, 0.41702270507812
 52.761287689209, 0.41705131530762
 52.761211395264, 0.41439056396484
 52.760372161865, 0.40884017944336
 52.759532928467, 0.39905548095703
 52.771587371826, 0.40861129760742
 52.773685455322, 0.42941093444824
 52.773780822754, 0.43121337890625
 52.774238586426, 0.43453216552734
 52.774143218994, 0.4383373260498
 52.774028778076, 0.44139862060547
 52.774124145508, 0.44265747070312
 52.774124145508, 0.44265747070312
 52.774124145508, 0.44265747070312
 52.774124145508, 0.44265747070312
 52.794132232666, 0.47987937927246
 52.817325592041, 0.4815673828125
 52.823524475098, 0.48517227172852
 52.828731536865, 0.50562858581543
 52.829608917236, 0.50734519958496
 52.83031463623, 0.50846099853516
 52.83031463623, 0.50846099853516
 52.83031463623, 0.50846099853516
 52.83031463623, 0.50846099853516
 52.829827, 0.516926
 52.829827, 0.516926
 52.829827, 0.516926
 52.829827, 0.516926
 52.832927703857, 0.51278114318848
 52.832927703857, 0.51278114318848
 52.832927703857, 0.51278114318848
 52.832927703857, 0.51278114318848
 52.829827, 0.516926
 52.829827, 0.516926
 52.829827, 0.516926
 52.79993057251, 0.59852600097656
 52.80101776123, 0.6397533416748
 52.807369232178, 0.65766334533691
 52.818031311035, 0.6888484954834
 52.818031311035, 0.6888484954834
 52.818031311035, 0.6888484954834
 52.819023132324, 0.7001781463623
 52.819023132324, 0.7001781463623
 52.819023132324, 0.7001781463623
 52.819023132324, 0.7001781463623
 52.819023132324, 0.7001781463623
 52.819194983881, 0.70571168691013
 52.820168285837, 0.70951999762005
 52.840824127197, 0.81851005554199
 52.838897705078, 0.8400821685791
 52.837467193604, 0.84199905395508
 52.836475372314, 0.84308624267578
 52.835063934326, 0.84400177001953
 52.834320068359, 0.8448600769043
 52.833251953125, 0.84600448608398
 52.833251953125, 0.84600448608398
 52.833251953125, 0.84600448608398
 52.833251953125, 0.84600448608398
 52.833251953125, 0.84600448608398
 52.830440890349, 0.85051164395352
 52.831403947022, 0.85300332897926
 52.835559844971, 0.8602237701416
 52.839050292969, 0.87129592895508
 52.840099334717, 0.89447021484375
 52.847957611084, 0.90791702270508
 52.861728668213, 0.95426559448242
 52.861728668213, 0.95426559448242
 52.861728668213, 0.95426559448242
 52.861728668213, 0.95426559448242
 52.861728668213, 0.95426559448242
 52.906505240796, 1.0841142140409
 52.906505240796, 1.0841142140409
 52.905464172363, 1.0870742797852
 52.905941009521, 1.0884761810303
 52.905979156494, 1.0897064208984
 52.905750274658, 1.0907649993896
 52.904434204102, 1.0957145690918
 52.909202575684, 1.1110782623291
 52.916412353516, 1.1586284637451
 52.923812866211, 1.1912441253662
 52.921314239502, 1.2310695648193
 52.917995452881, 1.2678623199463
 52.927589416504, 1.2874317169189
 52.929267883301, 1.2903499603271
 52.929553985596, 1.2916946411133
 52.929553985596, 1.2916946411133
 52.929553985596, 1.2916946411133
 52.929553985596, 1.2916946411133
 52.929553985596, 1.2916946411133
 52.932330237293, 1.300178375261
 52.932759798042, 1.3008431627079
 52.932759798042, 1.3008431627079
 52.932759798042, 1.3008431627079
 52.93225890857, 1.301108492969
 52.930919803229, 1.3017033217148
 52.929383010666, 1.303243422651
 52.927149538807, 1.3029965753455
 52.925892784, 1.3030200541208
 52.923530043558, 1.3032440977402
 52.923182521019, 1.3035542263235
 52.923182521019, 1.3035542263235
 52.923182521019, 1.3035542263235
 52.923182521019, 1.3035542263235
 52.923182521019, 1.3035542263235
 52.923182521019, 1.3035542263235
 52.923182521019, 1.3035542263235
 52.923182521019, 1.3035542263235
 52.918186187744, 1.3078022003174
 52.906112670898, 1.311206817627
 52.898120880127, 1.3105773925781
 52.876625061035, 1.2917232513428
 52.855587005615, 1.2825393676758
 52.845306396484, 1.2783050537109
 52.809600830078, 1.2737274169922
 52.804393768311, 1.2682056427002
 52.804393768311, 1.2682056427002
 52.804393768311, 1.2682056427002
 52.804393768311, 1.2682056427002
 52.804393768311, 1.2682056427002
 52.793598175049, 1.2525272369385
 52.792854309082, 1.2530708312988
 52.790966033936, 1.254243850708
 52.787952423096, 1.2542152404785
 52.786884307861, 1.2546157836914
 52.77853012085, 1.2552165985107
 52.758960723877, 1.2582492828369
 52.738552093506, 1.2656593322754
 52.727756500244, 1.2729835510254
 52.703456878662, 1.2802219390869
 52.674789428711, 1.2646579742432
 52.665119171143, 1.2728118896484
 52.661190032959, 1.2744426727295
 52.659530639648, 1.2754726409912
 52.65682220459, 1.2771892547607
 52.654781341553, 1.2785339355469
 52.652854919434, 1.2794494628906
 52.65064239502, 1.2804508209229
 52.648468017578, 1.2816524505615
 52.646560668945, 1.2831687927246
 52.644519805908, 1.2848854064941
 52.642726898193, 1.2865734100342
 52.640533447266, 1.2889766693115
 52.638854980469, 1.2916660308838
 52.637901306152, 1.2942409515381
 52.635192871094, 1.2926959991455
 52.632846832275, 1.2924671173096
 52.631759643555, 1.2929821014404
 52.630500793457, 1.2938690185547
 52.62903213501, 1.2934398651123
 52.628402709961, 1.2920093536377
 52.628192901611, 1.2920379638672
 52.628192901611, 1.2920379638672
 52.628192901611, 1.2920379638672
 52.628192901611, 1.2920379638672
 52.628192901611, 1.2920379638672
 52.626810437629, 1.2894712420919
 52.627696970121, 1.2890232889641
 52.628420527869, 1.2862414666486
 52.628345489502, 1.2874889373779
