 52.407550811768, -1.5096187591553
 52.407608032227, -1.5096759796143
 52.406883239746, -1.5061855316162
 52.406806945801, -1.5045833587646
 52.406787872314, -1.5033531188965
 52.406616210938, -1.5016078948975
 52.406768798828, -1.5006351470947
 52.407855987549, -1.4990043640137
 52.408561706543, -1.4949417114258
 52.408752441406, -1.4925098419189
 52.407379150391, -1.4893054962158
 52.406520843506, -1.4860725402832
 52.406311035156, -1.4835262298584
 52.406253814697, -1.4808368682861
 52.406215667725, -1.4795207977295
 52.406349182129, -1.4760589599609
 52.407073974609, -1.4737415313721
 52.406997680664, -1.4699077606201
 52.406253814697, -1.4674186706543
 52.405757904053, -1.464900970459
 52.405300140381, -1.463041305542
 52.404136657715, -1.4585781097412
 52.403373718262, -1.4572334289551
 52.402992248535, -1.4527702331543
 52.402782440186, -1.450252532959
 52.402114868164, -1.4461326599121
 52.40104675293, -1.444673538208
 52.399864196777, -1.4426136016846
 52.39860534668, -1.4407825469971
 52.397956848145, -1.4382076263428
 52.396774291992, -1.4364337921143
 52.395648956299, -1.4313697814941
 52.388172149658, -1.4414691925049
 52.379779815674, -1.4620685577393
 52.370834350586, -1.4471340179443
 52.36328125, -1.4184093475342
 52.354927062988, -1.3871097564697
 52.347354888916, -1.3490295410156
 52.3508644104, -1.3224792480469
 52.367248535156, -1.3062286376953
 52.375202178955, -1.2811088562012
 52.374649047852, -1.2795639038086
 52.374534606934, -1.2792491912842
 52.373142242432, -1.2763023376465
 52.372226715088, -1.272554397583
 52.371864318848, -1.2700939178467
 52.371082305908, -1.2665176391602
 52.372608184814, -1.2651443481445
 52.374858856201, -1.2650871276855
 52.374839782715, -1.2629413604736
 52.373218536377, -1.2621402740479
 52.372932434082, -1.2605953216553
 52.372379302979, -1.2588500976562
 52.372074127197, -1.2574768066406
 52.371635437012, -1.2553024291992
 52.371253967285, -1.254186630249
 52.370204925537, -1.2545013427734
 52.369766235352, -1.2560176849365
 52.369995117188, -1.257963180542
 52.368450164795, -1.2607383728027
 52.369194030762, -1.2615394592285
 52.369194030762, -1.261568069458
 52.369232177734, -1.261510848999
 52.369232177734, -1.261510848999
 52.369251251221, -1.2615394592285
 52.369232177734, -1.261568069458
 52.369213104248, -1.261568069458
 52.369213104248, -1.261568069458
 52.370223999023, -1.2617969512939
 52.370223999023, -1.2617969512939
 52.370891571045, -1.2637996673584
 52.368087768555, -1.2647151947021
 52.36644744873, -1.2646579742432
 52.364368438721, -1.26540184021
 52.363052368164, -1.2668037414551
 52.361793518066, -1.2684917449951
 52.359561920166, -1.2693786621094
 52.358856201172, -1.2694931030273
 52.358856201172, -1.2694931030273
 52.358856201172, -1.2694931030273
 52.358856201172, -1.2694931030273
 52.358856201172, -1.2694931030273
 52.338699202345, -1.2934908916935
 52.338699202345, -1.2934908916935
 52.338699202345, -1.2934908916935
 52.338699202345, -1.2934908916935
 52.332515716553, -1.281795501709
 52.337303161621, -1.2399387359619
 52.335796356201, -1.1977100372314
 52.326984405518, -1.1576557159424
 52.314147949219, -1.1285018920898
 52.291774749756, -1.1083316802979
 52.268028259277, -1.0919094085693
 52.248191833496, -1.0649871826172
 52.233581542969, -1.0293674468994
 52.233543395996, -0.99260330200195
 52.233543395996, -0.99260330200195
 52.238273620605, -0.93461036682129
 52.239398956299, -0.93031883239746
 52.239723205566, -0.92911720275879
 52.24084854126, -0.92659950256348
 52.24084854126, -0.9235954284668
 52.240924835205, -0.92079162597656
 52.240142822266, -0.9166145324707
 52.239570617676, -0.91475486755371
 52.237949371338, -0.91320991516113
 52.236652374268, -0.91120719909668
 52.236557006836, -0.90843200683594
 52.236480712891, -0.90468406677246
 52.235412597656, -0.90242385864258
 52.234668731689, -0.90044975280762
 52.233963012695, -0.89798927307129
 52.235565185547, -0.89710235595703
 52.238025665283, -0.89710235595703
 52.237815856934, -0.89535713195801
 52.238273620605, -0.89372634887695
 52.238960266113, -0.8902645111084
 52.238426208496, -0.89015007019043
 52.237606048584, -0.89175224304199
 52.237186431885, -0.89404106140137
 52.235164642334, -0.89492797851562
 52.233963012695, -0.8961009979248
 52.234210968018, -0.89404106140137
 52.233772277832, -0.88620185852051
 52.233219146729, -0.88531494140625
 52.232818603516, -0.88196754455566
 52.234287261963, -0.85799217224121
 52.241630554199, -0.84277153015137
 52.255554199219, -0.78592300415039
 52.256259918213, -0.74360847473145
 52.276763916016, -0.72089195251465
 52.284107208252, -0.70143699645996
 52.290630340576, -0.68235397338867
 52.292022705078, -0.68352699279785
 52.293453216553, -0.68432807922363
 52.295112609863, -0.68598747253418
 52.296676635742, -0.68764686584473
 52.298316955566, -0.6891918182373
 52.299766540527, -0.69150924682617
 52.300968170166, -0.69291114807129
 52.301425933838, -0.69459915161133
 52.301902770996, -0.69565773010254
 52.304077148438, -0.6987190246582
 52.30525970459, -0.69926261901855
 52.307090759277, -0.69934844970703
 52.308788299561, -0.69954872131348
 52.310829162598, -0.70029258728027
 52.31258392334, -0.70089340209961
 52.314682006836, -0.70355415344238
 52.315406799316, -0.70464134216309
 52.338905334473, -0.70558547973633
 52.354507446289, -0.7020378112793
 52.355899810791, -0.70209503173828
 52.357597351074, -0.70335388183594
 52.359142303467, -0.70484161376953
 52.360324859619, -0.70587158203125
 52.371425628662, -0.71439743041992
 52.379875183105, -0.71883201599121
 52.385482788086, -0.71451187133789
 52.386837005615, -0.71431159973145
 52.387466430664, -0.71105003356934
 52.38842010498, -0.70996284484863
 52.389984130859, -0.71033477783203
 52.390785217285, -0.71084976196289
 52.392120361328, -0.71173667907715
 52.393550872803, -0.71210861206055
 52.39465713501, -0.71230888366699
 52.396945953369, -0.71199417114258
 52.398223876953, -0.71170806884766
 52.398414611816, -0.71316719055176
 52.397232055664, -0.71445465087891
 52.395820617676, -0.71877479553223
 52.39538192749, -0.72197914123535
 52.39538192749, -0.7243824005127
 52.396087646484, -0.72787284851074
 52.396926879883, -0.72781562805176
 52.396926879883, -0.72775840759277
 52.39688873291, -0.72784423828125
 52.397003173828, -0.72784423828125
 52.397060394287, -0.72778701782227
 52.396926879883, -0.72795867919922
 52.396945953369, -0.72798728942871
 52.396907806396, -0.72775840759277
 52.396926879883, -0.72778701782227
 52.396869659424, -0.72778701782227
 52.39688873291, -0.72781562805176
 52.396945953369, -0.72781562805176
 52.39688873291, -0.72775840759277
 52.39688873291, -0.72775840759277
 52.39688873291, -0.72775840759277
 52.39688873291, -0.72775840759277
 52.39688873291, -0.72775840759277
 52.397104916354, -0.72791240074662
 52.397499084473, -0.72787284851074
 52.397689819336, -0.72787284851074
 52.399978637695, -0.72821617126465
 52.401237487793, -0.7239818572998
 52.40213394165, -0.72000503540039
 52.402801513672, -0.71685791015625
 52.403316497803, -0.71431159973145
 52.404251098633, -0.71199417114258
 52.405052185059, -0.71042060852051
 52.407169342041, -0.70796012878418
 52.409057617188, -0.70552825927734
 52.410697937012, -0.7038688659668
 52.410697937012, -0.7038688659668
 52.410697937012, -0.7038688659668
 52.410697937012, -0.7038688659668
 52.410697937012, -0.7038688659668
 52.434966107216, -0.68994499562392
 52.43662242809, -0.68729835068142
 52.437606090123, -0.68587537931547
 52.439543805904, -0.68838936028861
 52.445411682129, -0.68418502807617
 52.464790344238, -0.67337036132812
 52.479915618896, -0.66061019897461
 52.494888305664, -0.65591812133789
 52.489452362061, -0.67760467529297
 52.489280700684, -0.67783355712891
 52.490253448486, -0.67983627319336
 52.490234375, -0.68484306335449
 52.490119934082, -0.68710327148438
 52.490539550781, -0.68987846374512
 52.490482330322, -0.69179534912109
 52.49080657959, -0.69448471069336
 52.490711212158, -0.69574356079102
 52.490711212158, -0.69574356079102
 52.488765716553, -0.70338249206543
 52.487030029297, -0.70378303527832
 52.48706817627, -0.70727348327637
 52.487678527832, -0.71019172668457
 52.488670349121, -0.71434020996094
 52.489490509033, -0.71708679199219
 52.490425109863, -0.71971893310547
 52.491664886475, -0.72352409362793
 52.493896484375, -0.7309627532959
 52.495098114014, -0.7452392578125
 52.489681243896, -0.78412055969238
 52.480144500732, -0.82082748413086
 52.480144500732, -0.82082748413086
 52.47802734375, -0.86002349853516
 52.47802734375, -0.86434364318848
 52.479286193848, -0.867919921875
 52.479705810547, -0.86932182312012
 52.481346130371, -0.87349891662598
 52.487335205078, -0.89232444763184
 52.480964660645, -0.90122222900391
 52.480964660645, -0.90122222900391
 52.479248046875, -0.90385437011719
 52.478981018066, -0.90854644775391
 52.478713989258, -0.91180801391602
 52.478122711182, -0.91529846191406
 52.477970123291, -0.91690063476562
 52.478160858154, -0.91996192932129
 52.478103637695, -0.92124938964844
 52.477321624756, -0.9239673614502
 52.476978302002, -0.92708587646484
 52.476463317871, -0.92977523803711
 52.47615814209, -0.93229293823242
 52.475738525391, -0.93369483947754
 52.475738525391, -0.93778610229492
 52.476291656494, -0.94047546386719
 52.476482391357, -0.94141960144043
 52.478370666504, -0.94968795776367
 52.478370666504, -0.94968795776367
 52.478370666504, -0.94968795776367
 52.478370666504, -0.94968795776367
 52.478370666504, -0.94968795776367
 52.501417, -0.980567
 52.501417, -0.980567
 52.501417, -0.980567
 52.501417, -0.980567
 52.501417, -0.980567
 52.501127, -0.98267
 52.501127, -0.98267
 52.501127, -0.98267
 52.501106262207, -0.9807014465332
 52.501106262207, -0.98067283630371
 52.501106262207, -0.98067283630371
 52.501106262207, -0.98067283630371
 52.501106262207, -0.98067283630371
 52.501417, -0.980567
 52.501417, -0.980567
 52.501417, -0.980567
 52.501417, -0.980567
 52.501417, -0.980567
 52.501417, -0.980567
 52.501417, -0.980567
 52.496738433838, -0.9781551361084
 52.500228881836, -0.97291946411133
 52.502174377441, -0.97100257873535
 52.504100799561, -0.96897125244141
 52.504100799561, -0.96897125244141
 52.506046295166, -0.96382141113281
 52.513256072998, -0.94820022583008
 52.530460357666, -0.96917152404785
 52.530460357666, -0.96917152404785
 52.54186630249, -0.99157333374023
 52.542819976807, -0.99597930908203
 52.542819976807, -0.99597930908203
 52.546367645264, -1.0020732879639
 52.553424835205, -1.0067367553711
 52.569618225098, -1.0373497009277
 52.582492828369, -1.0554027557373
 52.588500976562, -1.0627555847168
 52.591533660889, -1.0665035247803
 52.591533660889, -1.0665035247803
 52.594318389893, -1.0699653625488
 52.595386505127, -1.0714817047119
 52.596817016602, -1.0759162902832
 52.597332000732, -1.0782909393311
 52.598667144775, -1.0833835601807
 52.600212097168, -1.0838413238525
 52.601680755615, -1.0851287841797
 52.60368347168, -1.0886192321777
 52.604751586914, -1.0908508300781
 52.605648040771, -1.09299659729
 52.605972290039, -1.0937118530273
 52.606582641602, -1.0940837860107
 52.607650756836, -1.0959148406982
 52.607650756836, -1.0959148406982
 52.609462738037, -1.0996913909912
 52.610988616943, -1.1007499694824
 52.613086700439, -1.1028957366943
 52.615051269531, -1.1052131652832
 52.61625289917, -1.1072731018066
 52.617359161377, -1.1089324951172
 52.618541717529, -1.1100196838379
 52.619647979736, -1.1111354827881
 52.620182037354, -1.1115074157715
 52.621726989746, -1.1127090454102
 52.6247215271, -1.1161422729492
 52.625427246094, -1.1166286468506
 52.627086639404, -1.1194610595703
 52.628421783447, -1.1215496063232
 52.629928588867, -1.1237812042236
 52.631797790527, -1.1264419555664
 52.633457183838, -1.1253833770752
 52.634696960449, -1.1235237121582
 52.635231018066, -1.1266422271729
 52.634086608887, -1.1292171478271
 52.635612487793, -1.1325645446777
 52.636547088623, -1.1302757263184
 52.637176513672, -1.1306190490723
 52.63786315918, -1.1307334899902
 52.639026641846, -1.1311340332031
 52.639675140381, -1.1306190490723
 52.64181137085, -1.1291313171387
 52.64310836792, -1.1279010772705
 52.645168304443, -1.1271572113037
 52.64669418335, -1.1292171478271
 52.647724151611, -1.1313629150391
