 52.950229644775, -1.1528491973877
 52.949600219727, -1.1523342132568
 52.948589324951, -1.1527061462402
 52.948322296143, -1.1549377441406
 52.94771194458, -1.1588573455811
 52.947483062744, -1.1614894866943
 52.947101593018, -1.164493560791
 52.946891784668, -1.1676692962646
 52.946929931641, -1.1703300476074
 52.946929931641, -1.173620223999
 52.948265075684, -1.1743068695068
 52.949771881104, -1.1747360229492
 52.950897216797, -1.175537109375
 52.949771881104, -1.1778545379639
 52.948570251465, -1.1799716949463
 52.94900894165, -1.182689666748
 52.950687408447, -1.1836338043213
 52.952556610107, -1.1846351623535
 52.955436706543, -1.1861515045166
 52.955589294434, -1.1831474304199
 52.956466674805, -1.181173324585
 52.95783996582, -1.1800861358643
 52.959785461426, -1.1805438995361
 52.960529327393, -1.1765670776367
 52.962284088135, -1.1769390106201
 52.964401245117, -1.1762237548828
 52.965183258057, -1.1717891693115
 52.965602874756, -1.1693859100342
 52.966003417969, -1.1669826507568
 52.966403961182, -1.1648368835449
 52.96667098999, -1.1631488800049
 52.967262268066, -1.1601161956787
 52.967929840088, -1.1563110351562
 52.969856262207, -1.1574268341064
 52.972087860107, -1.1592578887939
 52.973747253418, -1.1611461639404
 52.974700927734, -1.1624336242676
 52.977256774902, -1.1673259735107
 52.978248596191, -1.1694717407227
 52.97966003418, -1.1723613739014
 52.980079650879, -1.1744499206543
 52.979850769043, -1.1787128448486
 52.980766296387, -1.1816596984863
 52.981281280518, -1.1834907531738
 52.980461120605, -1.1854648590088
 52.979621887207, -1.1872959136963
 52.979316711426, -1.1879539489746
 52.979316711426, -1.1879253387451
 52.979354858398, -1.1879825592041
 52.979335784912, -1.1879825592041
 52.979316711426, -1.1879539489746
 52.979316711426, -1.1879825592041
 52.979297637939, -1.1879825592041
 52.979297637939, -1.1879825592041
 52.979297637939, -1.1879825592041
 52.97924041748, -1.1879253387451
 52.97924041748, -1.1879253387451
 52.979259490967, -1.1879253387451
 52.978973388672, -1.188497543335
 52.983283996582, -1.1904716491699
 52.984638214111, -1.1857795715332
 52.984638214111, -1.1857795715332
 52.997875213623, -1.1792850494385
 53.012084960938, -1.1863803863525
 53.012084960938, -1.1863803863525
 53.012084960938, -1.1863803863525
 53.054275512695, -1.1828899383545
 53.065986633301, -1.1777400970459
 53.065986633301, -1.1777400970459
 53.084545135498, -1.180944442749
 53.084545135498, -1.180944442749
 53.084545135498, -1.180944442749
 53.084545135498, -1.180944442749
 53.078327178955, -1.1941909790039
 53.078327178955, -1.1941909790039
 53.078327178955, -1.1941909790039
 53.078327178955, -1.1941909790039
 53.078327178955, -1.1941909790039
 53.079484, -1.194967
 53.079484, -1.194967
 53.079484, -1.194967
 53.078289031982, -1.1943054199219
 53.078327178955, -1.1942481994629
 53.078308105469, -1.1942481994629
 53.078308105469, -1.1941909790039
 53.078308105469, -1.1941909790039
 53.078308105469, -1.1941909790039
 53.073081970215, -1.2042331695557
 53.070220947266, -1.2151050567627
 53.070220947266, -1.2151050567627
 53.070220947266, -1.2151050567627
 53.056640625, -1.2285804748535
 53.059177398682, -1.236047744751
 53.064231872559, -1.2572479248047
 53.069038391113, -1.2766170501709
 53.087177276611, -1.3025093078613
 53.105392456055, -1.3274574279785
 53.130264282227, -1.3292026519775
 53.156261444092, -1.3267135620117
 53.182430267334, -1.3232803344727
 53.196716308594, -1.3197898864746
 53.190746307373, -1.3042545318604
 53.190479278564, -1.3030815124512
 53.189945220947, -1.3007068634033
 53.189868927002, -1.298131942749
 53.189849853516, -1.2942123413086
 53.189258575439, -1.2906646728516
 53.189601898193, -1.2859153747559
 53.190650939941, -1.2831974029541
 53.191566467285, -1.2839698791504
 53.208236694336, -1.2856006622314
 53.219337463379, -1.2841415405273
 53.220558166504, -1.2841415405273
 53.221874237061, -1.2840843200684
 53.222789764404, -1.2841701507568
 53.223571777344, -1.2862014770508
 53.225078582764, -1.2882041931152
 53.226509094238, -1.2899780273438
 53.227920532227, -1.2899494171143
 53.228797912598, -1.2894916534424
 53.230686187744, -1.2936401367188
 53.232440948486, -1.2970733642578
 53.232650756836, -1.3004493713379
 53.23263168335, -1.3042259216309
 53.232440948486, -1.3067722320557
 53.232250213623, -1.3110637664795
 53.233184814453, -1.3169574737549
 53.236618041992, -1.3383865356445
 53.232021331787, -1.3619327545166
 53.234024047852, -1.3776683807373
 53.234157562256, -1.3782691955566
 53.234596252441, -1.3809871673584
 53.234329223633, -1.3829326629639
 53.234024047852, -1.3847064971924
 53.23371887207, -1.3886260986328
 53.233833312988, -1.3912296295166
 53.233852386475, -1.3945198059082
 53.233737945557, -1.3972091674805
 53.233776092529, -1.3996124267578
 53.234615325928, -1.4047336578369
 53.234157562256, -1.4083099365234
 53.233432769775, -1.4113426208496
 53.23278427124, -1.4145755767822
 53.233375549316, -1.4175224304199
 53.233814239502, -1.4199542999268
 53.233261108398, -1.4232158660889
 53.234748840332, -1.4243602752686
 53.235874176025, -1.4255905151367
 53.236351013184, -1.4279079437256
 53.236389160156, -1.4313697814941
 53.236637115479, -1.4339160919189
 53.235664367676, -1.435661315918
 53.235015869141, -1.4384651184082
 53.234996795654, -1.4414405822754
 53.234367370605, -1.4441013336182
 53.233623504639, -1.4476203918457
 53.232860565186, -1.4509391784668
 53.231239318848, -1.4541435241699
 53.229637145996, -1.4539432525635
 53.228454589844, -1.4536285400391
 53.227348327637, -1.4525985717773
 53.225879669189, -1.4512825012207
 53.224506378174, -1.450252532959
 53.222999572754, -1.4495086669922
 53.221282958984, -1.4499092102051
 53.220882415771, -1.4499950408936
 53.220558166504, -1.4533138275146
 53.219985961914, -1.4553451538086
 53.213024139404, -1.4697933197021
 53.203144073486, -1.4879035949707
 53.18431854248, -1.4902210235596
 53.165073394775, -1.5000343322754
 53.155879974365, -1.5187740325928
 53.150367736816, -1.5312767028809
 53.149452209473, -1.5335655212402
 53.147583007812, -1.5351963043213
 53.147583007812, -1.5351963043213
 53.147583007812, -1.5351963043213
 53.147583007812, -1.5351963043213
 53.147583007812, -1.5351963043213
 53.14848834072, -1.5358763579822
 53.14848834072, -1.5358763579822
 53.14848834072, -1.5358763579822
 53.14848834072, -1.5358763579822
 53.14848834072, -1.5358763579822
 53.14848834072, -1.5358763579822
 53.14848834072, -1.5358763579822
 53.14848834072, -1.5358763579822
 53.14848834072, -1.5358763579822
 53.14848834072, -1.5358763579822
 53.14848834072, -1.5358763579822
 53.14848834072, -1.5358763579822
 53.14848834072, -1.5358763579822
 53.14848834072, -1.5358763579822
 53.145942687988, -1.5402030944824
 53.145923614502, -1.5402317047119
 53.144493103027, -1.5422630310059
 53.142509460449, -1.5440654754639
 53.140411376953, -1.5466976165771
 53.138942718506, -1.548957824707
 53.138427734375, -1.5513038635254
 53.138065338135, -1.5534496307373
 53.138294219971, -1.5553379058838
 53.139839172363, -1.5585708618164
 53.140678405762, -1.5617752075195
 53.141307830811, -1.565408706665
 53.144512176514, -1.5712451934814
 53.158855438232, -1.5862655639648
 53.158855438232, -1.5862655639648
 53.163280487061, -1.5915584564209
 53.163547515869, -1.5921020507812
 53.163948059082, -1.593017578125
 53.165149688721, -1.5956211090088
 53.166942596436, -1.5993976593018
 53.167953491211, -1.6015148162842
 53.179302215576, -1.6100406646729
 53.194026947021, -1.6112995147705
 53.207664489746, -1.6064929962158
 53.217449188232, -1.6119003295898
 53.223342895508, -1.6132164001465
 53.223342895508, -1.6132164001465
 53.225612640381, -1.6135597229004
 53.225593566895, -1.6135597229004
 53.225593566895, -1.6135597229004
 53.225593566895, -1.6135597229004
 53.225631713867, -1.6135597229004
 53.225612640381, -1.6135597229004
 53.225612640381, -1.6135597229004
 53.225612640381, -1.6135597229004
 53.225612640381, -1.6135597229004
 53.225612640381, -1.6135597229004
 53.228454589844, -1.613302230835
 53.228454589844, -1.613302230835
 53.228435516357, -1.613302230835
 53.228359222412, -1.613302230835
 53.228416442871, -1.613302230835
 53.228378295898, -1.613302230835
 53.228416442871, -1.613302230835
 53.228378295898, -1.6132736206055
 53.229351043701, -1.6125583648682
 53.229351043701, -1.6125583648682
 53.226890563965, -1.6173362731934
 53.226299285889, -1.6178512573242
 53.229217529297, -1.6292953491211
 53.233165740967, -1.6426563262939
 53.22868347168, -1.6623115539551
 53.226451873779, -1.6711807250977
 53.224315643311, -1.6722106933594
 53.222179412842, -1.6720390319824
 53.219871520996, -1.6723823547363
 53.219032287598, -1.6732120513916
 53.218326568604, -1.673583984375
 53.217601776123, -1.673641204834
 53.216800689697, -1.673641204834
 53.215427398682, -1.6727542877197
 53.21439743042, -1.6730403900146
 53.212947845459, -1.6757297515869
 53.21418762207, -1.6766166687012
 53.215618133545, -1.6776466369629
 53.217449188232, -1.6802215576172
 53.222370147705, -1.7060852050781
 53.225002288818, -1.7219066619873
 53.225002288818, -1.7219066619873
 53.237781524658, -1.7821884155273
 53.241500854492, -1.8139743804932
 53.246936798096, -1.8289375305176
 53.246936798096, -1.8289375305176
 53.246936798096, -1.8289375305176
 53.246936798096, -1.8289375305176
 53.246936798096, -1.8289375305176
 53.256912231445, -1.904468536377
 53.258533477783, -1.9056129455566
 53.259696960449, -1.908073425293
 53.260459899902, -1.9112777709961
 53.260364532471, -1.9129085540771
 53.260364532471, -1.9129085540771
 53.260364532471, -1.9129085540771
 53.260364532471, -1.9129085540771
 53.257579803467, -1.9129085540771
 53.2568359375, -1.9138240814209
 53.254222869873, -1.915340423584
 53.254222869873, -1.915340423584
 53.254222869873, -1.915340423584
 53.248863220215, -1.9102764129639
 53.248863220215, -1.9102764129639
 53.235816955566, -1.8884754180908
 53.22338104248, -1.863899230957
 53.22338104248, -1.863899230957
 53.22338104248, -1.863899230957
 53.22338104248, -1.863899230957
 53.22338104248, -1.863899230957
 53.020731948504, -1.7341762747918
 53.020731948504, -1.7341762747918
 53.020731948504, -1.7341762747918
 53.019404903927, -1.73312667111
 53.017574413229, -1.7321733261123
 53.01612299803, -1.7321582783518
 53.014333488468, -1.7316132506003
 53.013316319807, -1.7294830669916
 53.019142150879, -1.7331504821777
 53.018093109131, -1.7322635650635
 53.016777038574, -1.7331790924072
 53.015480041504, -1.7319488525391
 53.014030456543, -1.7314052581787
 53.009929656982, -1.7216205596924
 52.986946105957, -1.6819095611572
 52.981185913086, -1.6646003723145
 52.972297668457, -1.6283512115479
 52.962684631348, -1.6019439697266
 52.954730987549, -1.5850067138672
 52.94282913208, -1.5555667877197
 52.932281494141, -1.5220069885254
 52.928810119629, -1.50315284729
 52.928562164307, -1.5024662017822
 52.927227020264, -1.4981460571289
 52.926349639893, -1.4951133728027
 52.925662994385, -1.4925670623779
 52.924900054932, -1.4887619018555
 52.924003601074, -1.4855861663818
 52.923011779785, -1.4807224273682
 52.923126220703, -1.4802932739258
 52.924709320068, -1.4814376831055
 52.925434112549, -1.4782905578613
 52.924404144287, -1.4800930023193
 52.923431396484, -1.4803218841553
 52.922458648682, -1.4788341522217
 52.922496795654, -1.477746963501
 52.923641204834, -1.4751148223877
 52.924861907959, -1.4766883850098
 52.926063537598, -1.4786338806152
 52.926731109619, -1.4802360534668
 52.927951812744, -1.4822387695312
 52.928943634033, -1.483268737793
