 52.65567779541, -1.1331367492676
 52.656421661377, -1.1348819732666
 52.655391693115, -1.1365699768066
 52.653141021729, -1.1380577087402
 52.650527954102, -1.1391735076904
 52.649803161621, -1.1364269256592
 52.648677825928, -1.1331653594971
 52.647438049316, -1.1306762695312
 52.646389007568, -1.1285591125488
 52.645606994629, -1.1269855499268
 52.646408081055, -1.1253833770752
 52.647647857666, -1.1244106292725
 52.649803161621, -1.1227512359619
 52.650833129883, -1.1218643188477
 52.651920318604, -1.1221504211426
 52.653102874756, -1.1226367950439
 52.654800415039, -1.122350692749
 52.657203674316, -1.1223220825195
 52.659111022949, -1.1231517791748
 52.661819458008, -1.1256122589111
 52.663707733154, -1.1276435852051
 52.665557861328, -1.1291599273682
 52.667388916016, -1.1293029785156
 52.668933868408, -1.1292743682861
 52.670230865479, -1.1311912536621
 52.67126083374, -1.1308193206787
 52.671718597412, -1.1288452148438
 52.671604156494, -1.1288166046143
 52.671680450439, -1.1288452148438
 52.671718597412, -1.1287307739258
 52.671642303467, -1.1287593841553
 52.674827575684, -1.1264705657959
 52.667968006982, -1.1332796423941
 52.667968006982, -1.1332796423941
 52.667968006982, -1.1332796423941
 52.671820002647, -1.1325842028998
 52.676998334243, -1.1342694044909
 52.681258307376, -1.1374684312402
 52.688288086115, -1.1442092376047
 52.693204795688, -1.1506072911033
 52.698363283012, -1.1558628350485
 52.708816870805, -1.1626036414131
 52.712969919174, -1.166031170073
 52.716776532912, -1.1721435961833
 52.722797225482, -1.1809980452214
 52.726257017566, -1.1833973152834
 52.740284892389, -1.1878131759269
 52.740284892389, -1.1878131759269
 52.740284892389, -1.1878131759269
 52.740284892389, -1.1878131759269
 52.740284892389, -1.1878131759269
 52.740284892389, -1.1878131759269
 52.74057135189, -1.1878131759269
 52.748031616211, -1.1823749542236
 52.754573822021, -1.1971950531006
 52.758293151855, -1.204833984375
 52.759227752686, -1.2069511413574
 52.759914398193, -1.2080383300781
 52.760467529297, -1.2092113494873
 52.761707305908, -1.2121868133545
 52.762298583984, -1.2133598327637
 52.762641906738, -1.2142181396484
 52.763652801514, -1.2168502807617
 52.764472961426, -1.2185382843018
 52.766151428223, -1.2205982208252
 52.768859863281, -1.2240314483643
 52.768611907959, -1.226806640625
 52.766132354736, -1.2298393249512
 52.765197753906, -1.2313556671143
 52.76517868042, -1.2313842773438
 52.765140533447, -1.2314414978027
 52.765064239502, -1.2315559387207
 52.763366699219, -1.2355041503906
 52.762489318848, -1.2374210357666
 52.761383056641, -1.2423706054688
 52.761383056641, -1.2423706054688
 52.761383056641, -1.2423706054688
 52.757205963135, -1.245288848877
 52.757186889648, -1.245288848877
 52.757205963135, -1.2453174591064
 52.757148742676, -1.245288848877
 52.757148742676, -1.245288848877
 52.757186889648, -1.2453174591064
 52.757205963135, -1.245288848877
 52.757205963135, -1.2452602386475
 52.757205963135, -1.2452602386475
 52.757205963135, -1.2452602386475
 52.757205963135, -1.2452602386475
 52.757205963135, -1.2452602386475
 52.758562168373, -1.2458607441145
 52.758562168373, -1.2458607441145
 52.758562168373, -1.2458607441145
 52.758562168373, -1.2458607441145
 52.758562168373, -1.2458607441145
 52.758562168373, -1.2458607441145
 52.758562168373, -1.2458607441145
 52.758562168373, -1.2458607441145
 52.758562168373, -1.2458607441145
 52.758562168373, -1.2458607441145
 52.762813568115, -1.2449169158936
 52.763423919678, -1.2432861328125
 52.764072418213, -1.2417697906494
 52.764930725098, -1.2402820587158
 52.765846252441, -1.2386798858643
 52.766628265381, -1.2374210357666
 52.76741027832, -1.2360191345215
 52.768096923828, -1.2346744537354
 52.769603729248, -1.2308120727539
 52.770099639893, -1.2274932861328
 52.771129608154, -1.2229442596436
 52.772197723389, -1.2198543548584
 52.772254943848, -1.2162494659424
 52.772445678711, -1.2134742736816
 52.772331237793, -1.2109565734863
 52.77214050293, -1.2057781219482
 52.771987915039, -1.2057495117188
 52.771949768066, -1.2057495117188
 52.773628234863, -1.2022590637207
 52.773990631104, -1.2017440795898
 52.776870727539, -1.1972522735596
 52.7783203125, -1.195592880249
 52.782497406006, -1.177339553833
 52.794399261475, -1.1532783508301
 52.794380187988, -1.1533069610596
 52.794380187988, -1.1533069610596
 52.794380187988, -1.1533069610596
 52.799224853516, -1.1511039733887
 52.799224853516, -1.1511039733887
 52.799224853516, -1.1511039733887
 52.807502746582, -1.1137390136719
 52.806625366211, -1.1121940612793
 52.806625366211, -1.1121940612793
 52.806625366211, -1.1121940612793
 52.806625366211, -1.1121940612793
 52.806625366211, -1.1121940612793
 52.806338494284, -1.1014623167205
 52.809391021729, -1.0859298706055
 52.802486419678, -1.0567474365234
 52.792186737061, -1.0295104980469
 52.781658172607, -0.99964141845703
 52.770709991455, -0.97824096679688
 52.770709991455, -0.97824096679688
 52.770709991455, -0.97824096679688
 52.770709991455, -0.97824096679688
 52.770709991455, -0.97824096679688
 52.76582, -0.90691
 52.76582, -0.90691
 52.76647, -0.90134
 52.76647, -0.90134
 52.76611328125, -0.90434074401855
 52.766971588135, -0.89818954467773
 52.766895294189, -0.89604377746582
 52.766876220703, -0.89544296264648
 52.766819000244, -0.88797569274902
 52.765865325928, -0.88791847229004
 52.76109802602, -0.90251408377795
 52.76109802602, -0.90251408377795
 52.76109802602, -0.90251408377795
 52.76109802602, -0.90251408377795
 52.76109802602, -0.90251408377795
 52.76109802602, -0.90251408377795
 52.760696411133, -0.89953422546387
 52.760696411133, -0.89953422546387
 52.760696411133, -0.89953422546387
 52.760696411133, -0.89953422546387
 52.760696411133, -0.89953422546387
 52.76109802602, -0.90251408377795
 52.760677337646, -0.89947700500488
 52.760620117188, -0.89956283569336
 52.760620117188, -0.89956283569336
 52.760620117188, -0.89956283569336
 52.760620117188, -0.89956283569336
 52.760620117188, -0.89956283569336
 52.760620117188, -0.89956283569336
 52.76109802602, -0.90251408377795
 52.760715484619, -0.89956283569336
 52.760715484619, -0.89956283569336
 52.760715484619, -0.89956283569336
 52.760715484619, -0.89956283569336
 52.760715484619, -0.89956283569336
 52.761094241088, -0.9022736697038
 52.761094241088, -0.9022736697038
 52.761094241088, -0.9022736697038
 52.761094241088, -0.9022736697038
 52.761094241088, -0.9022736697038
 52.761094241088, -0.9022736697038
 52.760734558105, -0.89956283569336
 52.760715484619, -0.89959144592285
 52.760696411133, -0.89959144592285
 52.760715484619, -0.89956283569336
 52.76086807251, -0.8997917175293
 52.761211395264, -0.89853286743164
 52.762393951416, -0.89441299438477
 52.763004302979, -0.89146614074707
 52.762622833252, -0.89132308959961
 52.759761810303, -0.88932037353516
 52.758350372314, -0.88854789733887
 52.757320404053, -0.88814735412598
 52.757320404053, -0.88814735412598
 52.757320404053, -0.88814735412598
 52.757320404053, -0.88814735412598
 52.757320404053, -0.88814735412598
 52.75872, -0.88212
 52.75609, -0.88018
 52.75535, -0.87978
 52.75405, -0.87914
 52.751949483442, -0.87609231871306
 52.751949483442, -0.87609231871306
 52.751949483442, -0.87609231871306
 52.693026067581, -0.7617744020339
 52.693026067581, -0.7617744020339
 52.693026067581, -0.7617744020339
 52.69263, -0.76066
 52.6906, -0.75834
 52.68912, -0.75596
 52.68963, -0.75318
 52.688425055498, -0.75213677786637
 52.674798156409, -0.73913475600317
 52.673559833856, -0.73509914208174
 52.671091601439, -0.73455454187061
 52.671091601439, -0.73455454187061
 52.669868469238, -0.73010444641113
 52.669486999512, -0.7265567779541
 52.668876647949, -0.72529792785645
 52.668876647949, -0.72529792785645
 52.667369842529, -0.72037696838379
 52.667369842529, -0.72037696838379
 52.667369842529, -0.72037696838379
 52.667369842529, -0.72037696838379
 52.667369842529, -0.72037696838379
 52.66376, -0.632347
 52.663714096997, -0.63147626730083
 52.663714096997, -0.63147626730083
 52.663714096997, -0.63147626730083
 52.663714096997, -0.63147626730083
 52.663714096997, -0.63147626730083
 52.663714096997, -0.63147626730083
 52.662089834833, -0.62911737511678
 52.660348871707, -0.62705658818947
 52.65695602638, -0.62624699332514
 52.654679100943, -0.62668859052386
 52.652402056916, -0.62801338212
 52.650392801937, -0.62860217838496
 52.64746380947, -0.62514187422133
 52.646457946057, -0.62541132989478
 52.645911111924, -0.62587641192467
 52.645192762671, -0.627235751747
 52.644412320479, -0.62770348157833
 52.643552044201, -0.62770348157833
 52.643250500057, -0.627235751747
 52.643250500057, -0.627235751747
 52.643250500057, -0.627235751747
 52.643250500057, -0.627235751747
 52.640953063965, -0.62773704528809
 52.640953063965, -0.62773704528809
 52.640953063965, -0.62773704528809
 52.640953063965, -0.62773704528809
 52.640972137451, -0.6276798248291
 52.640972137451, -0.62773704528809
 52.640972137451, -0.62770843505859
 52.640991210938, -0.6276798248291
 52.640972137451, -0.6276798248291
 52.640991210938, -0.6276798248291
 52.640209197998, -0.6273078918457
 52.635955810547, -0.63737869262695
 52.635879516602, -0.6672477722168
 52.631912231445, -0.69628715515137
 52.620506286621, -0.71245193481445
 52.603302001953, -0.72126388549805
 52.595748901367, -0.72504043579102
 52.595748901367, -0.72504043579102
 52.589721679688, -0.72280883789062
 52.589721679688, -0.72280883789062
 52.589721679688, -0.72280883789062
 52.588596343994, -0.71608543395996
 52.593688964844, -0.70069313049316
 52.594337463379, -0.66676139831543
 52.592964172363, -0.63388824462891
 52.598171234131, -0.6017017364502
 52.595176696777, -0.56573867797852
 52.602252960205, -0.53609848022461
 52.619190216064, -0.52010536193848
 52.628955841064, -0.49756050109863
 52.642917633057, -0.50047874450684
 52.647476196289, -0.50145149230957
 52.647724151611, -0.50004959106445
 52.648143768311, -0.49796104431152
 52.649250030518, -0.49286842346191
 52.649669647217, -0.49029350280762
 52.649669647217, -0.49029350280762
 52.649669647217, -0.49029350280762
 52.651958465576, -0.48474311828613
 52.651958465576, -0.48474311828613
 52.651958465576, -0.48474311828613
 52.651958465576, -0.48474311828613
 52.651958465576, -0.48474311828613
 52.65056, -0.47722
 52.64891, -0.47761
 52.64869, -0.47588
 52.649021148682, -0.47367095947266
 52.648773193359, -0.47181129455566
 52.645950317383, -0.46113967895508
 52.645664215088, -0.45773506164551
 52.643280029297, -0.45192718505859
 52.643280029297, -0.45192718505859
 52.64368057251, -0.44960975646973
 52.643661499023, -0.44963836669922
 52.643642425537, -0.44960975646973
 52.643432617188, -0.44869422912598
 52.643508911133, -0.45238494873047
 52.643489837646, -0.45238494873047
 52.644557952881, -0.4548454284668
 52.645301818848, -0.45647621154785
 52.644081115723, -0.47538757324219
 52.644081115723, -0.47538757324219
 52.630271911621, -0.4694652557373
 52.596378326416, -0.41985511779785
 52.596378326416, -0.41985511779785
 52.570724487305, -0.39313316345215
 52.570724487305, -0.39313316345215
 52.56965637207, -0.39090156555176
 52.568225860596, -0.38815498352051
 52.56835554126, -0.38914602434661
 52.56835554126, -0.38914602434661
 52.56835554126, -0.38914602434661
 52.569338681149, -0.38016220705291
 52.569338681149, -0.38016220705291
 52.569338681149, -0.38016220705291
 52.569338681149, -0.38016220705291
 52.558572744918, -0.2999377277413
 52.558572744918, -0.2999377277413
 52.558572744918, -0.2999377277413
 52.558572744918, -0.2999377277413
 52.558252924223, -0.29301124264228
 52.559633664676, -0.28161701064468
 52.557640075684, -0.28098106384277
 52.556591033936, -0.27900695800781
 52.557678222656, -0.27565956115723
 52.558269500732, -0.2739143371582
 52.559108734131, -0.27139663696289
 52.559909820557, -0.26899337768555
 52.560768127441, -0.2662181854248
 52.561359405518, -0.26390075683594
 52.562026977539, -0.26126861572266
 52.563018798828, -0.25734901428223
 52.564601898193, -0.25405883789062
 52.565498352051, -0.25045394897461
 52.565765380859, -0.24553298950195
 52.566566467285, -0.24212837219238
 52.568798065186, -0.24175643920898
 52.570362091064, -0.24029731750488
 52.574043273926, -0.23632049560547
 52.575912475586, -0.23526191711426
 52.574462890625, -0.23614883422852
 52.574310302734, -0.23614883422852
 52.574310302734, -0.23614883422852
 52.573299407959, -0.23663520812988
 52.572059631348, -0.2369499206543
 52.570934295654, -0.2372932434082
 52.570571899414, -0.23889541625977
 52.569618225098, -0.2405834197998
 52.568817138672, -0.24055480957031
 52.568817138672, -0.24055480957031
