 53.800868988037, -1.5468692779541
 53.800945281982, -1.5454387664795
 53.799247741699, -1.5430068969727
 53.798522949219, -1.5398025512695
 53.797359466553, -1.5402317047119
 53.795166015625, -1.5411186218262
 53.79358291626, -1.541633605957
 53.7912940979, -1.5433788299561
 53.790740966797, -1.5410041809082
 53.79020690918, -1.5320491790771
 53.791236877441, -1.5321922302246
 53.791484832764, -1.5318775177002
 53.791389465332, -1.5312480926514
 53.786182403564, -1.5302467346191
 53.779888153076, -1.5255832672119
 53.779048919678, -1.5272998809814
 53.776893615723, -1.5302467346191
 53.773612976074, -1.5303897857666
 53.77233505249, -1.5312194824219
 53.772258758545, -1.5343952178955
 53.771381378174, -1.5356826782227
 53.76974105835, -1.5351676940918
 53.768005371094, -1.536169052124
 53.766384124756, -1.5397167205811
 53.765544891357, -1.5410327911377
 53.765697479248, -1.5429782867432
 53.765182495117, -1.5428352355957
 53.765068054199, -1.5428352355957
 53.764934539795, -1.5428066253662
 53.765678405762, -1.5450096130371
 53.766937255859, -1.5456104278564
 53.768424987793, -1.5465831756592
 53.76916885376, -1.5477275848389
 53.770523071289, -1.5503883361816
 53.771877288818, -1.5502452850342
 53.773555755615, -1.5517330169678
 53.77477645874, -1.552848815918
 53.776340484619, -1.5542221069336
 53.777732849121, -1.5555381774902
 53.777389526367, -1.5575695037842
 53.776359558105, -1.5610885620117
 53.774585723877, -1.5632629394531
 53.773212432861, -1.5654373168945
 53.772983551025, -1.5670394897461
 53.774166107178, -1.5676116943359
 53.775253295898, -1.5674686431885
 53.776626586914, -1.5684986114502
 53.77758026123, -1.5697288513184
 53.776798248291, -1.5723323822021
 53.776111602783, -1.5742778778076
 53.767528533936, -1.5776824951172
 53.757762908936, -1.5942478179932
 53.755283355713, -1.5971088409424
 53.752918243408, -1.5994548797607
 53.751468658447, -1.600456237793
 53.749923706055, -1.5996837615967
 53.749294281006, -1.6015720367432
 53.747425079346, -1.6023731231689
 53.746223449707, -1.6035461425781
 53.745155334473, -1.6060924530029
 53.744850158691, -1.6079235076904
 53.744239807129, -1.6092395782471
 53.744258880615, -1.6091823577881
 53.743934631348, -1.60964012146
 53.742904663086, -1.611213684082
 53.740901947021, -1.6119575500488
 53.739910125732, -1.6104698181152
 53.737316131592, -1.61301612854
 53.735160827637, -1.6142463684082
 53.731956481934, -1.6175937652588
 53.724040985107, -1.6267204284668
 53.723011016846, -1.6290092468262
 53.722190856934, -1.6299819946289
 53.72013092041, -1.631383895874
 53.718681335449, -1.6329002380371
 53.717765808105, -1.6337585449219
 53.716640472412, -1.6354751586914
 53.715553283691, -1.6369915008545
 53.714714050293, -1.6385078430176
 53.712387084961, -1.6409683227539
 53.710289001465, -1.6416263580322
 53.708209991455, -1.6417694091797
 53.706016540527, -1.6416549682617
 53.704605102539, -1.6420555114746
 53.703517913818, -1.6425132751465
 53.701572418213, -1.6426277160645
 53.699359893799, -1.6404819488525
 53.69743347168, -1.638822555542
 53.696002960205, -1.6360187530518
 53.69421005249, -1.6325855255127
 53.693752288818, -1.6302108764648
 53.692493438721, -1.6282939910889
 53.69068145752, -1.627779006958
 53.691005706787, -1.6262912750244
 53.691158294678, -1.6232299804688
 53.690700531006, -1.6216564178467
 53.689861297607, -1.6174221038818
 53.690605163574, -1.6147899627686
 53.691234588623, -1.6125011444092
 53.69176864624, -1.6103839874268
 53.691921234131, -1.6081237792969
 53.692169189453, -1.6061782836914
 53.692302703857, -1.6046905517578
 53.69213104248, -1.6024017333984
 53.691902160645, -1.5998840332031
 53.691654205322, -1.5975666046143
 53.691539764404, -1.5959644317627
 53.691883087158, -1.5936470031738
 53.692989349365, -1.5923881530762
 53.688449859619, -1.5742492675781
 53.693828582764, -1.5577125549316
 53.714962005615, -1.5378856658936
 53.709621429443, -1.5196895599365
 53.710765838623, -1.519889831543
 53.713150024414, -1.519832611084
 53.715076446533, -1.519889831543
 53.717384338379, -1.5200614929199
 53.717250823975, -1.5224075317383
 53.72034072876, -1.5224647521973
 53.717842102051, -1.519889831543
 53.717842102051, -1.519947052002
 53.717555999756, -1.5203762054443
 53.717269897461, -1.519660949707
 53.715229034424, -1.519775390625
 53.713645935059, -1.519775390625
 53.700923919678, -1.5056419372559
 53.694248199463, -1.5038394927979
 53.693218231201, -1.5053272247314
 53.691654205322, -1.5064144134521
 53.689479827881, -1.5060138702393
 53.687362670898, -1.5038967132568
 53.685035705566, -1.5015506744385
 53.683795928955, -1.5007209777832
 53.682956695557, -1.4991474151611
 53.683300018311, -1.4965152740479
 53.682537078857, -1.4943695068359
 53.680820465088, -1.4919948577881
 53.679027557373, -1.4917659759521
 53.676738739014, -1.490306854248
 53.675956726074, -1.4896488189697
 53.675899505615, -1.4896488189697
 53.675899505615, -1.4896488189697
 53.675899505615, -1.4896488189697
 53.680686950684, -1.4378070831299
 53.685531616211, -1.4110851287842
 53.699588775635, -1.389684677124
 53.707733154297, -1.3677978515625
 53.713645935059, -1.3547229766846
 53.715286254883, -1.3490867614746
 53.715858459473, -1.3440799713135
 53.716049194336, -1.342306137085
 53.716049194336, -1.342306137085
 53.716049194336, -1.342306137085
 53.716049194336, -1.342306137085
 53.716049194336, -1.342306137085
 53.658586048937, -1.3292200267024
 53.657368478068, -1.3295266309074
 53.69457244873, -1.320333480835
 53.692264556885, -1.3177013397217
 53.691825866699, -1.3160133361816
 53.690662384033, -1.3149547576904
 53.686275482178, -1.3132381439209
 53.683395385742, -1.3130378723145
 53.681659698486, -1.3131809234619
 53.680114746094, -1.3140392303467
 53.677825927734, -1.3152694702148
 53.675689697266, -1.3174438476562
 53.672523498535, -1.3215351104736
 53.658428192139, -1.329402923584
 53.657035827637, -1.3306045532227
 53.657035827637, -1.3306045532227
 53.653392791748, -1.334810256958
 53.652935028076, -1.3347244262695
 53.651294708252, -1.3340091705322
 53.650493621826, -1.3336372375488
 53.650493621826, -1.3336372375488
 53.650493621826, -1.3336372375488
 53.650493621826, -1.3336372375488
 53.638247363486, -1.3351517185758
 53.637121934626, -1.3347970364575
 53.637121934626, -1.3347970364575
 53.637121934626, -1.3347970364575
 53.57089561767, -1.4290863399672
 53.57089561767, -1.4290863399672
 53.57089561767, -1.4290863399672
 53.570481641636, -1.4295117424548
 53.568381706765, -1.4308508539705
 53.566742113065, -1.4321299460628
 53.565266792205, -1.4336150853204
 53.563815377006, -1.434561600129
 53.562131735376, -1.4354832487801
 53.638076782227, -1.3351821899414
 53.636417388916, -1.334810256958
 53.636417388916, -1.334810256958
 53.603420257568, -1.3499164581299
 53.599815368652, -1.3792705535889
 53.594799041748, -1.3908290863037
 53.588600158691, -1.4071083068848
 53.577175140381, -1.4226722717285
 53.570938110352, -1.4289093017578
 53.568782806396, -1.4305973052979
 53.565979003906, -1.4329147338867
 53.563327789307, -1.4348316192627
 53.561630249023, -1.4358043670654
 53.559894561768, -1.4367771148682
 53.557529449463, -1.4382934570312
 53.556480407715, -1.4395809173584
 53.555221557617, -1.4410400390625
 53.554267883301, -1.442813873291
 53.554077148438, -1.4469051361084
 53.549957275391, -1.4699935913086
 53.550338745117, -1.4728832244873
 53.551750183105, -1.4745140075684
 53.553161621094, -1.4781475067139
 53.552951812744, -1.4806079864502
 53.554573059082, -1.4821529388428
 53.55640411377, -1.4825534820557
 53.556327819824, -1.4796924591064
 53.556022644043, -1.4794063568115
 53.556098937988, -1.4794063568115
 53.556098937988, -1.4794063568115
 53.556118011475, -1.4794063568115
 53.556118011475, -1.4794063568115
 53.556041717529, -1.479434967041
 53.556041717529, -1.479434967041
 53.556041717529, -1.479434967041
 53.556041717529, -1.479434967041
 53.556041717529, -1.479434967041
 53.556254357595, -1.4827216908536
 53.556254357595, -1.4827216908536
 53.556156158447, -1.479434967041
 53.556156158447, -1.4794635772705
 53.55749130249, -1.4807796478271
 53.557033538818, -1.4838123321533
 53.557872772217, -1.4846992492676
 53.560123443604, -1.4873886108398
 53.561134338379, -1.4886474609375
 53.56315612793, -1.4920806884766
 53.563861846924, -1.4954280853271
 53.564643859863, -1.4999198913574
 53.565883636475, -1.5074443817139
 53.572597503662, -1.5255546569824
 53.576126098633, -1.5274429321289
 53.578224182129, -1.5280151367188
 53.579158782959, -1.5289306640625
 53.580360412598, -1.5298175811768
 53.581733703613, -1.5307903289795
 53.583183288574, -1.5312480926514
 53.584747314453, -1.5331077575684
 53.583507537842, -1.5369415283203
 53.582763671875, -1.5400314331055
 53.582248687744, -1.543493270874
 53.581886291504, -1.547269821167
 53.582935333252, -1.5479850769043
 53.584003448486, -1.5478420257568
 53.585605621338, -1.5474414825439
 53.586406707764, -1.5476989746094
 53.591251373291, -1.5522766113281
 53.609027862549, -1.5557670593262
 53.615436553955, -1.5717315673828
 53.613471984863, -1.5753650665283
 53.613471984863, -1.5753650665283
 53.613471984863, -1.5753650665283
 53.613471984863, -1.5753650665283
 53.61491, -1.57407
 53.61491, -1.57407
 53.61491, -1.57407
 53.61491, -1.57407
 53.61491, -1.57407
 53.61491, -1.57407
 53.61491, -1.57407
 53.61491, -1.57407
 53.61491, -1.57407
 53.61491, -1.57407
 53.61491, -1.57407
 53.61491, -1.57407
 53.617553710938, -1.5676975250244
 53.605213165283, -1.5537071228027
 53.592014312744, -1.5385437011719
 53.569240570068, -1.5408897399902
 53.551177978516, -1.5181446075439
 53.529186248779, -1.4954566955566
 53.504810333252, -1.485071182251
 53.481769561768, -1.465015411377
 53.458290100098, -1.4456748962402
 53.45609664917, -1.4546585083008
 53.45609664917, -1.4546585083008
 53.45609664917, -1.4546585083008
 53.459701538086, -1.4635276794434
 53.461360931396, -1.4652729034424
 53.459281921387, -1.4653587341309
 53.457336425781, -1.4644145965576
 53.455410003662, -1.4635562896729
 53.453960418701, -1.4639282226562
 53.452339172363, -1.4644432067871
 53.450202941895, -1.4648723602295
 53.448238372803, -1.4655876159668
 53.448238372803, -1.4655876159668
 53.448238372803, -1.4655876159668
 53.44274520874, -1.4701366424561
 53.441143035889, -1.4706230163574
 53.4397315979, -1.4733409881592
 53.439159393311, -1.4737701416016
 53.436737060547, -1.475830078125
 53.436126708984, -1.4769744873047
 53.435306549072, -1.4793491363525
 53.434791564941, -1.4809799194336
 53.434219360352, -1.4844989776611
 53.432998657227, -1.4858436584473
 53.431072235107, -1.4862442016602
 53.429737091064, -1.4863872528076
 53.428039550781, -1.4891052246094
 53.427753448486, -1.4913940429688
 53.418731689453, -1.4984607696533
 53.414306640625, -1.5018939971924
 53.41251373291, -1.5027523040771
 53.411197662354, -1.5034103393555
 53.410167694092, -1.501407623291
 53.409271240234, -1.497917175293
 53.408966064453, -1.4974021911621
 53.407516479492, -1.4968585968018
 53.406143188477, -1.4964294433594
 53.404808044434, -1.4957141876221
 53.402900695801, -1.4932250976562
 53.400955200195, -1.490364074707
 53.398704528809, -1.4893341064453
 53.396244049072, -1.4878749847412
 53.394069671631, -1.4850425720215
 53.392143249512, -1.4816951751709
 53.390979766846, -1.4801216125488
 53.389587402344, -1.4782619476318
 53.388214111328, -1.4774894714355
 53.386688232422, -1.479549407959
 53.385410308838, -1.4813804626465
 53.383941650391, -1.4834690093994
 53.381938934326, -1.485071182251
 53.381061553955, -1.4884185791016
 53.379726409912, -1.4893054962158
 53.37760925293, -1.4917087554932
 53.375835418701, -1.4942264556885
 53.37438583374, -1.4967441558838
 53.372554779053, -1.4998340606689
 53.370761871338, -1.5006637573242
 53.369388580322, -1.5013790130615
 53.369388580322, -1.5013790130615
 53.369388580322, -1.5013790130615
 53.369388580322, -1.5013790130615
 53.371118665047, -1.4897483546839
 53.371601104736, -1.4882755279541
 53.372802734375, -1.4845275878906
 53.373966217041, -1.4796352386475
 53.373069763184, -1.4751720428467
 53.374004364014, -1.4734268188477
 53.375720977783, -1.4717102050781
 53.376884460449, -1.4701366424561
 53.378353118896, -1.4689064025879
 53.378982543945, -1.4674186706543
 53.381156921387, -1.4660739898682
 53.381004333496, -1.4677619934082
 53.379020690918, -1.4696216583252
 53.378219604492, -1.4709377288818
 53.377513885498, -1.4707946777344
