 53.186740875244, -2.8898334503174
 53.185253143311, -2.8909492492676
 53.185043334961, -2.8939533233643
 53.184833526611, -2.8952980041504
 53.183364868164, -2.8960990905762
 53.181495666504, -2.8963279724121
 53.180141448975, -2.8962993621826
 53.172130584717, -2.8979015350342
 53.159198760986, -2.9105758666992
 53.146858215332, -2.9277992248535
 53.125228881836, -2.9489421844482
 53.125228881836, -2.9489421844482
 53.125228881836, -2.9489421844482
 53.066825866699, -2.9963493347168
 53.052558898926, -3.0071926116943
 53.052291870117, -3.006591796875
 53.051738739014, -3.0052757263184
 53.050975799561, -3.0034446716309
 53.049564361572, -3.0014133453369
 53.048839569092, -3.0006980895996
 53.047847747803, -2.9987525939941
 53.049011230469, -2.9968643188477
 53.05061340332, -2.9944896697998
 53.048839569092, -2.9917430877686
 53.047866821289, -2.9906272888184
 53.047866821289, -2.9906558990479
 53.047847747803, -2.9906558990479
 53.047866821289, -2.9907131195068
 53.047847747803, -2.9906845092773
 53.047866821289, -2.9907131195068
 53.047866821289, -2.9907131195068
 53.047866821289, -2.9907131195068
 53.047866821289, -2.9907131195068
 53.047866821289, -2.9907131195068
 53.047866821289, -2.9907417297363
 53.048439025879, -2.9910850524902
 53.047294616699, -2.991771697998
 53.046569824219, -2.9915714263916
 53.046569824219, -2.9915714263916
 53.046569824219, -2.9915714263916
 53.046569824219, -2.9915714263916
 53.040676116943, -2.9986095428467
 53.040676116943, -2.9986095428467
 53.040676116943, -2.9986095428467
 53.038425445557, -3.0053329467773
 53.033771514893, -3.0150604248047
 53.033065795898, -3.0166339874268
 53.032188415527, -3.0186367034912
 53.031597137451, -3.0200386047363
 53.03050994873, -3.0221843719482
 53.029632568359, -3.0237865447998
 53.028373718262, -3.0269622802734
 53.021335601807, -3.0262184143066
 53.021335601807, -3.0262184143066
 53.021335601807, -3.0262184143066
 53.021335601807, -3.0262184143066
 53.021335601807, -3.0262184143066
 52.981022273355, -3.074082113132
 52.979748648479, -3.0779919368316
 52.981414794922, -3.0731391906738
 52.980575561523, -3.0754852294922
 52.980575561523, -3.0754852294922
 52.978687286377, -3.081636428833
 52.978687286377, -3.081636428833
 52.978687286377, -3.081636428833
 52.978687286377, -3.081636428833
 52.975292205811, -3.089075088501
 52.970531898529, -3.0878539656719
 52.970531898529, -3.0878539656719
 52.970531898529, -3.0878539656719
 52.97194051819, -3.0874805944365
 52.97194051819, -3.0874805944365
 52.972215611309, -3.0872528830707
 52.973918914795, -3.0869579315186
 52.976398468018, -3.0878448486328
 52.982959747314, -3.0691909790039
 52.982959747314, -3.0691909790039
 52.982959747314, -3.0691909790039
 52.982959747314, -3.0691909790039
 52.921009063721, -3.0422973632812
 52.913436889648, -3.0423831939697
 52.90210723877, -3.0434131622314
 52.90210723877, -3.0434131622314
 52.90210723877, -3.0434131622314
 52.90210723877, -3.0434131622314
 52.865981779695, -3.0445504192308
 52.864591836199, -3.0464498521503
 52.863137005906, -3.0488350822746
 52.861982703936, -3.0499633441481
 52.860165873617, -3.0523319256862
 52.859103779201, -3.0532902866041
 52.857700175326, -3.0558733787708
 52.85647415637, -3.0577316171119
 52.854145061863, -3.0586116442978
 52.853011250461, -3.0589932811177
 52.850774363508, -3.0589832492773
 52.848448684096, -3.0584615935794
 52.846403042439, -3.0582916926238
 52.845665382009, -3.0582564744609
 52.843694872433, -3.0585881655225
 52.799453735352, -3.0731105804443
 52.799453735352, -3.0731105804443
 52.799453735352, -3.0731105804443
 52.791881561279, -3.0774593353271
 52.791881561279, -3.0774593353271
 52.791881561279, -3.0774593353271
 52.791881561279, -3.0774593353271
 52.791881561279, -3.0774593353271
 52.790791642217, -3.0790413804355
 52.789440127235, -3.0804123635119
 52.780368773544, -3.0883620273316
 52.779152999871, -3.0879231876775
 52.712345123291, -3.0958271026611
 52.692356109619, -3.1043529510498
 52.673664093018, -3.1216335296631
 52.673664093018, -3.1216335296631
 52.663650512695, -3.1359958648682
 52.662620544434, -3.1390285491943
 52.662620544434, -3.1390285491943
 52.660350799561, -3.1445217132568
 52.660350799561, -3.1445217132568
 52.660350799561, -3.1445217132568
 52.660350799561, -3.1445217132568
 52.660350799561, -3.1445217132568
 52.660037915841, -3.1455351929963
 52.659873991301, -3.1478183971698
 52.661304473877, -3.1429767608643
 52.661304473877, -3.1429767608643
 52.672634124756, -3.1157112121582
 52.672634124756, -3.1157112121582
 52.695960998535, -3.0640697479248
 52.704792022705, -3.0384349822998
 52.705764770508, -3.0089092254639
 52.698192596436, -2.9760932922363
 52.702713012695, -2.942533493042
 52.707080841064, -2.9305744171143
 52.713031768799, -2.8756141662598
 52.715549468994, -2.8440856933594
 52.716331481934, -2.8255176544189
 52.713718414307, -2.801456451416
 52.713851928711, -2.8009986877441
 52.714500427246, -2.7964210510254
 52.714405059814, -2.7936458587646
 52.714099884033, -2.7909564971924
 52.71390914917, -2.7880382537842
 52.713813781738, -2.7854919433594
 52.713985443115, -2.7828025817871
 52.714042663574, -2.7823448181152
 52.714233398438, -2.7780246734619
 52.714233398438, -2.7780246734619
 52.714233398438, -2.7780246734619
 52.712554931641, -2.7643203735352
 52.711944580078, -2.7621746063232
 52.711544036865, -2.7602005004883
 52.711544036865, -2.7602005004883
 52.709980010986, -2.7559089660645
 52.711086273193, -2.7534198760986
 52.711658477783, -2.7513599395752
 52.709789276123, -2.7510166168213
 52.708301544189, -2.7517604827881
 52.706890106201, -2.746639251709
 52.705516815186, -2.7436923980713
 52.704925537109, -2.7431201934814
 52.703819274902, -2.7417755126953
 52.702255249023, -2.7392578125
 52.702522277832, -2.7351093292236
 52.703800201416, -2.7314758300781
 52.701587677002, -2.7308464050293
 52.699661254883, -2.7293586730957
 52.697696685791, -2.7276706695557
 52.695064544678, -2.7254962921143
 52.693538665771, -2.7240085601807
 52.691326141357, -2.7232074737549
 52.690849304199, -2.7231216430664
 52.689609527588, -2.7225208282471
 52.684783935547, -2.7161121368408
 52.684783935547, -2.7161121368408
 52.646770477295, -2.6543426513672
 52.638111114502, -2.6224136352539
 52.634830474854, -2.6095962524414
 52.633628845215, -2.6060199737549
 52.631855010986, -2.6044178009033
 52.631797790527, -2.6044178009033
 52.630596160889, -2.6039886474609
 52.628898620605, -2.6033306121826
 52.611770629883, -2.5949478149414
 52.599258422852, -2.580041885376
 52.599258422852, -2.580041885376
 52.599258422852, -2.580041885376
 52.599258422852, -2.580041885376
 52.599258422852, -2.580041885376
 52.595885364061, -2.5572616719537
 52.597838798164, -2.5585433996401
 52.599348269971, -2.5594848985285
 52.600704062521, -2.5593517098397
 52.603036572122, -2.557779912557
 52.602459421138, -2.5568898535307
 52.60276677965, -2.557581837071
 52.60276677965, -2.557581837071
 52.602634429932, -2.5573825836182
 52.602672576904, -2.5573825836182
 52.602672576904, -2.5573825836182
 52.602672576904, -2.5573825836182
 52.602672576904, -2.5573825836182
 52.602672576904, -2.5573825836182
 52.602672576904, -2.5573825836182
 52.60276677965, -2.557581837071
 52.60276677965, -2.557581837071
 52.60276677965, -2.557581837071
 52.60276677965, -2.557581837071
 52.60276677965, -2.557581837071
 52.60276677965, -2.557581837071
 52.60276677965, -2.557581837071
 52.60276677965, -2.557581837071
 52.60276677965, -2.557581837071
 52.60276677965, -2.557581837071
 52.60276677965, -2.557581837071
 52.60276677965, -2.557581837071
 52.60276677965, -2.557581837071
 52.60276677965, -2.557581837071
 52.60276677965, -2.557581837071
 52.60276677965, -2.557581837071
 52.60276677965, -2.557581837071
 52.60276677965, -2.557581837071
 52.60276677965, -2.557581837071
 52.60276677965, -2.557581837071
 52.60276677965, -2.557581837071
 52.60149294937, -2.5587216248888
 52.600328402117, -2.5594366603175
 52.598197383096, -2.5587600447029
 52.596814269789, -2.5575049974429
 52.594874496064, -2.5549402614095
 52.593737269568, -2.5522534357448
 52.614097595215, -2.5023937225342
 52.614784240723, -2.4964141845703
 52.616233825684, -2.4929523468018
 52.615184783936, -2.4886894226074
 52.614860534668, -2.4873447418213
 52.6145362854, -2.4860286712646
 52.614002227783, -2.4844837188721
 52.613945007324, -2.4843406677246
 52.611389160156, -2.4799060821533
 52.610340118408, -2.4773597717285
 52.609367370605, -2.4744701385498
 52.610759735107, -2.4730396270752
 52.610759735107, -2.4730396270752
 52.610759735107, -2.4730396270752
 52.610759735107, -2.4730396270752
 52.610759735107, -2.4730396270752
 52.640876596114, -2.491364782583
 52.626409479462, -2.4852586714971
 52.626409479462, -2.4852586714971
 52.626519582688, -2.4857598546167
 52.626519582688, -2.4857598546167
 52.626519582688, -2.4857598546167
 52.626519582688, -2.4857598546167
 52.626519582688, -2.4857598546167
 52.627789243326, -2.4852810778626
 52.627789243326, -2.4852810778626
 52.652263641357, -2.5007057189941
 52.652187347412, -2.4977588653564
 52.652130126953, -2.497730255127
 52.652149200439, -2.497730255127
 52.651882171631, -2.4960994720459
 52.652015686035, -2.4953269958496
 52.666320800781, -2.4907493591309
 52.677612304688, -2.4773597717285
 52.677021026611, -2.4549579620361
 52.677059173584, -2.4537563323975
 52.676830291748, -2.4527835845947
 52.676525115967, -2.4502944946289
 52.678661346436, -2.4483776092529
 52.678718566895, -2.4456596374512
 52.678203582764, -2.4441146850586
 52.677612304688, -2.4418544769287
 52.679958343506, -2.4407386779785
 52.701797485352, -2.4551296234131
 52.709064483643, -2.4696922302246
 52.722797393799, -2.4393653869629
 52.736682891846, -2.4129867553711
 52.736682891846, -2.4129867553711
 52.736682891846, -2.4129867553711
 52.736682891846, -2.4129867553711
 52.736682891846, -2.4129867553711
 52.77048, -2.360253
 52.768688201904, -2.3782825469971
 52.769317626953, -2.3772239685059
 52.77042388916, -2.3730754852295
 52.77042388916, -2.3730754852295
 52.771129608154, -2.3649215698242
 52.770366668701, -2.3600292205811
 52.77042388916, -2.3595714569092
 52.770442962646, -2.3595428466797
 52.770328521729, -2.3595142364502
 52.770328521729, -2.3595142364502
 52.770328521729, -2.3595142364502
 52.770195007324, -2.3599720001221
 52.768878936768, -2.336368560791
 52.768878936768, -2.336368560791
 52.780838012695, -2.2912216186523
 52.780838012695, -2.2912216186523
 52.780838012695, -2.2912216186523
 52.780838012695, -2.2912216186523
 52.783585792643, -2.2523082396646
 52.784777660653, -2.2503430661743
 52.785571257133, -2.2475634791113
 52.783981927401, -2.2058508382258
 52.783213547333, -2.2038450592956
 52.78158796231, -2.2015166051189
 52.780433660341, -2.1979132534448
 52.780279980501, -2.1975083430904
 52.780279980501, -2.1975083430904
 52.795284859895, -2.1439131921558
 52.795545453879, -2.1432785702739
 52.796795378497, -2.1395266619855
 52.797632076671, -2.135926725406
 52.795314788818, -2.1437358856201
 52.796726226807, -2.1397304534912
 52.797412872314, -2.1366691589355
 52.798023223877, -2.1334648132324
 52.79956817627, -2.1304607391357
 52.801113128662, -2.1279430389404
 52.801971435547, -2.124195098877
 52.802505493164, -2.1218776702881
 52.803058624268, -2.1194744110107
 52.80345916748, -2.1171283721924
 52.80517578125, -2.1163272857666
 52.80517578125, -2.1163272857666
 52.80517578125, -2.1163272857666
 52.809982299805, -2.1198749542236
 52.811679840088, -2.1211338043213
 52.813014984131, -2.1219635009766
 52.815418243408, -2.1235370635986
 52.817192077637, -2.1238803863525
 52.819042205811, -2.1249961853027
 52.821197509766, -2.1262264251709
 52.823219299316, -2.127799987793
 52.825450897217, -2.1288871765137
 52.828102111816, -2.1298599243164
 52.829647064209, -2.1304893493652
 52.826766967773, -2.1427345275879
 52.840156555176, -2.1538639068604
 52.863121032715, -2.164249420166
 52.885894775391, -2.1696853637695
 52.906436920166, -2.191915512085
 52.925891876221, -2.2088527679443
 52.947902679443, -2.2176933288574
 52.971363067627, -2.2256183624268
 52.978439331055, -2.2114849090576
 52.99165725708, -2.1829032897949
 53.007183074951, -2.1830177307129
 53.010196685791, -2.1839046478271
 53.010921478271, -2.1836757659912
 53.01197052002, -2.1834468841553
 53.012790679932, -2.1831035614014
 53.012962341309, -2.1811580657959
