 53.469409942627, -2.3003768920898
 53.469409942627, -2.3004341125488
 53.469409942627, -2.3003768920898
 53.469409942627, -2.3003768920898
 53.469409942627, -2.3003768920898
 53.469409942627, -2.3003768920898
 53.469390869141, -2.3002052307129
 53.469371795654, -2.3002052307129
 53.469390869141, -2.3002338409424
 53.469390869141, -2.3001766204834
 53.469085693359, -2.2989749908447
 53.468112945557, -2.2953701019287
 53.467330932617, -2.29248046875
 53.466606140137, -2.2896766662598
 53.46607208252, -2.2891330718994
 53.464889526367, -2.2894763946533
 53.463535308838, -2.2894477844238
 53.463287353516, -2.2890758514404
 53.462657928467, -2.288818359375
 53.461227416992, -2.2879600524902
 53.460388183594, -2.2875308990479
 53.458766937256, -2.2856712341309
 53.459968566895, -2.2831535339355
 53.461723327637, -2.2796058654785
 53.461284637451, -2.2762870788574
 53.458881378174, -2.2753429412842
 53.456802368164, -2.2745990753174
 53.455104827881, -2.2739696502686
 53.45365524292, -2.2734260559082
 53.45157623291, -2.2730827331543
 53.450813293457, -2.2711944580078
 53.452014923096, -2.2691917419434
 53.453197479248, -2.2673606872559
 53.454437255859, -2.2654151916504
 53.455677032471, -2.2633838653564
 53.457489013672, -2.2604370117188
 53.459339141846, -2.2564888000488
 53.460063934326, -2.2528839111328
 53.46019744873, -2.2496509552002
 53.459377288818, -2.2456455230713
 53.458728790283, -2.243070602417
 53.458003997803, -2.2397232055664
 53.458042144775, -2.2353744506836
 53.457851409912, -2.2326850891113
 53.457813262939, -2.2278785705566
 53.456764221191, -2.2259330749512
 53.454742431641, -2.2249317169189
 53.453826904297, -2.2239303588867
 53.452758789062, -2.222843170166
 53.45193862915, -2.2219276428223
 53.452320098877, -2.2200679779053
 53.452796936035, -2.2163486480713
 53.453617095947, -2.2127723693848
 53.454189300537, -2.2102832794189
 53.45516204834, -2.2060203552246
 53.455944061279, -2.2023868560791
 53.456211090088, -2.1995258331299
 53.45458984375, -2.197265625
 53.45344543457, -2.1957492828369
 53.451328277588, -2.193717956543
 53.450145721436, -2.1928310394287
 53.448677062988, -2.1920585632324
 53.44762802124, -2.1915435791016
 53.444576263428, -2.1915721893311
 53.443660736084, -2.1915435791016
 53.442401885986, -2.1902561187744
 53.441562652588, -2.1893978118896
 53.439979553223, -2.1876239776611
 53.438529968262, -2.186222076416
 53.43563079834, -2.1842765808105
 53.434562683105, -2.1835613250732
 53.425407409668, -2.1756935119629
 53.413696289062, -2.1678829193115
 53.411827087402, -2.166109085083
 53.410148620605, -2.1632766723633
 53.408794403076, -2.1619319915771
 53.406562805176, -2.1594715118408
 53.404140472412, -2.1580410003662
 53.402194976807, -2.1567249298096
 53.400268554688, -2.15500831604
 53.398303985596, -2.1524333953857
 53.396263122559, -2.1501159667969
 53.394184112549, -2.147741317749
 53.392372131348, -2.1455383300781
 53.391132354736, -2.1431350708008
 53.390522003174, -2.1418476104736
 53.389797210693, -2.1402740478516
 53.389167785645, -2.1384716033936
 53.388576507568, -2.1362400054932
 53.387832641602, -2.1342945098877
 53.386173248291, -2.1302890777588
 53.385219573975, -2.1286010742188
 53.384075164795, -2.1280288696289
 53.383350372314, -2.1294021606445
 53.382396697998, -2.1306037902832
 53.381366729736, -2.1320056915283
 53.380813598633, -2.1327781677246
 53.379344940186, -2.1339225769043
 53.378067016602, -2.1346378326416
 53.376522064209, -2.1351528167725
 53.375720977783, -2.1373844146729
 53.376941680908, -2.1376419067383
 53.377838134766, -2.1406173706055
 53.378620147705, -2.1429920196533
 53.378429412842, -2.142391204834
 53.378410339355, -2.1423625946045
 53.378410339355, -2.142391204834
 53.378391265869, -2.142391204834
 53.378372192383, -2.1423625946045
 53.378353118896, -2.1423625946045
 53.378353118896, -2.1423625946045
 53.378353118896, -2.1423625946045
 53.378353118896, -2.1423625946045
 53.378314971924, -2.1423053741455
 53.377857208252, -2.1405601501465
 53.37760925293, -2.1394729614258
 53.375835418701, -2.1374416351318
 53.375663757324, -2.1360683441162
 53.382110595703, -2.1310329437256
 53.387928009033, -2.1299171447754
 53.400421142578, -2.1361255645752
 53.408393859863, -2.1490001678467
 53.416767120361, -2.1326065063477
 53.42586517334, -2.1227073669434
 53.439292907715, -2.1308040618896
 53.451747894287, -2.1358108520508
 53.478507995605, -2.1209907531738
 53.483028411865, -2.1110343933105
 53.48352432251, -2.1090602874756
 53.484344482422, -2.1057987213135
 53.484420776367, -2.1023654937744
 53.485050201416, -2.0998191833496
 53.485641479492, -2.0968151092529
 53.486156463623, -2.0938682556152
 53.487033843994, -2.0904350280762
 53.489303588867, -2.0881748199463
 53.48991394043, -2.0897197723389
 53.490085601807, -2.0932388305664
 53.490467071533, -2.0938682556152
 53.490562438965, -2.0976448059082
 53.492012023926, -2.0997333526611
 53.493804931641, -2.1007633209229
 53.495273590088, -2.1015930175781
 53.498001098633, -2.1031093597412
 53.499240875244, -2.1038246154785
 53.509292602539, -2.1070003509521
 53.518486022949, -2.1087169647217
 53.519878387451, -2.1094036102295
 53.521194458008, -2.1098041534424
 53.522663116455, -2.1102046966553
 53.523597717285, -2.1105194091797
 53.526077270508, -2.1112632751465
 53.529262542725, -2.1123790740967
 53.531017303467, -2.1134948730469
 53.533020019531, -2.1149253845215
 53.535861968994, -2.1157264709473
 53.537063598633, -2.1158981323242
 53.53889465332, -2.1161842346191
 53.539714813232, -2.11669921875
 53.541202545166, -2.1182155609131
 53.542194366455, -2.1187305450439
 53.543586730957, -2.1191024780273
 53.544101715088, -2.1181583404541
 53.544216156006, -2.1161842346191
 53.544063568115, -2.1155261993408
 53.543395996094, -2.1150684356689
 53.542633056641, -2.1151828765869
 53.541851043701, -2.1145534515381
 53.54211807251, -2.1105766296387
 53.542213439941, -2.1077442169189
 53.541984558105, -2.1042251586914
 53.543739318848, -2.0991325378418
 53.55583190918, -2.0827102661133
 53.569450378418, -2.0689487457275
 53.582572937012, -2.0498657226562
 53.598537445068, -2.0372486114502
 53.615379333496, -2.032470703125
 53.630390167236, -2.0147037506104
 53.638134002686, -1.9745922088623
 53.6474609375, -1.9341945648193
 53.645915985107, -1.9138813018799
 53.660907745361, -1.860179901123
 53.656482696533, -1.8427276611328
 53.652095794678, -1.8136882781982
 53.651390075684, -1.8095684051514
 53.651371002197, -1.8077087402344
 53.651561737061, -1.8045043945312
 53.651561737061, -1.8045043945312
 53.651561737061, -1.8045043945312
 53.651561737061, -1.8045043945312
 53.651561737061, -1.8045043945312
 53.659369723495, -1.7812331875383
 53.662165509262, -1.7805115155407
 53.648014068604, -1.7839908599854
 53.6496925354, -1.783618927002
 53.651790618896, -1.7829608917236
 53.6545753479, -1.7821884155273
 53.657264709473, -1.781702041626
 53.659496307373, -1.7811298370361
 53.661651611328, -1.7806148529053
 53.662815093994, -1.7804145812988
 53.668727874756, -1.7805862426758
 53.692989349365, -1.779842376709
 53.697547912598, -1.7787551879883
 53.699722290039, -1.7791557312012
 53.701133728027, -1.7791271209717
 53.701152801514, -1.7807579040527
 53.70153427124, -1.7821884155273
 53.702411651611, -1.7852783203125
 53.70397567749, -1.7873096466064
 53.705806732178, -1.788854598999
 53.707752227783, -1.7908573150635
 53.709030151367, -1.7928314208984
 53.709030151367, -1.7928314208984
 53.711757659912, -1.7960071563721
 53.712882995605, -1.7974662780762
 53.713665008545, -1.799783706665
 53.714427947998, -1.801872253418
 53.715496063232, -1.8042469024658
 53.71940612793, -1.8081951141357
 53.71940612793, -1.8081951141357
 53.71940612793, -1.8081951141357
 53.727340698242, -1.8515968322754
 53.727970123291, -1.8540573120117
 53.727779388428, -1.8592071533203
 53.726253509521, -1.8598365783691
 53.72522354126, -1.8574047088623
 53.722743988037, -1.8556880950928
 53.722095489502, -1.8535423278809
 53.722076416016, -1.8535709381104
 53.722076416016, -1.8535423278809
 53.722076416016, -1.8535423278809
 53.722114562988, -1.8535137176514
 53.722095489502, -1.8534851074219
 53.722095489502, -1.8533992767334
 53.722095489502, -1.8534851074219
 53.722114562988, -1.8534851074219
 53.722114562988, -1.8534851074219
 53.722133636475, -1.8534564971924
 53.722152709961, -1.8534564971924
 53.722152709961, -1.8534564971924
 53.722019195557, -1.8552303314209
 53.719635009766, -1.8562602996826
 53.719081878662, -1.860294342041
 53.72013092041, -1.8615245819092
 53.720054626465, -1.862096786499
 53.720054626465, -1.862096786499
 53.72013092041, -1.8620109558105
 53.719882965088, -1.862154006958
 53.720035552979, -1.8620681762695
 53.720111846924, -1.8628406524658
 53.722267150879, -1.8632698059082
 53.723773956299, -1.8631553649902
 53.725261688232, -1.86203956604
 53.728904724121, -1.8588638305664
 53.732852935791, -1.8353748321533
 53.73363494873, -1.8277359008789
 53.748550415039, -1.8194675445557
 53.758926391602, -1.7915439605713
 53.762817382812, -1.7658805847168
 53.773765563965, -1.7608737945557
 53.783550262451, -1.7564392089844
 53.78360748291, -1.7562961578369
 53.784809112549, -1.7549228668213
 53.786201477051, -1.7536354064941
 53.787326812744, -1.7532634735107
 53.789024353027, -1.7536354064941
 53.791103363037, -1.7538356781006
 53.792362213135, -1.753978729248
 53.792915344238, -1.7534065246582
 53.793754577637, -1.7563247680664
 53.79524230957, -1.7575550079346
 53.796348571777, -1.759729385376
 53.797588348389, -1.7591285705566
 53.799591064453, -1.7585277557373
 53.801784515381, -1.7606163024902
 53.803615570068, -1.7619609832764
 53.805541992188, -1.7640495300293
 53.807945251465, -1.7667388916016
 53.809566497803, -1.7675971984863
 53.815231323242, -1.7726898193359
 53.815822601318, -1.7729187011719
 53.815765380859, -1.7729187011719
 53.817749023438, -1.7736339569092
 53.82661819458, -1.779842376709
 53.835220336914, -1.7933750152588
 53.833446502686, -1.8158912658691
 53.848705291748, -1.8366622924805
 53.85913848877, -1.8455028533936
 53.871593475342, -1.8917655944824
 53.866157531738, -1.9053268432617
 53.862457275391, -1.9114780426025
 53.86402130127, -1.9113922119141
 53.865642547607, -1.9105052947998
 53.866806030273, -1.9095897674561
 53.868637084961, -1.9095611572266
 53.869342803955, -1.9095325469971
 53.870086669922, -1.9095039367676
 53.870944976807, -1.9095325469971
 53.871765136719, -1.9095325469971
 53.87279510498, -1.9094753265381
 53.875389099121, -1.9095039367676
 53.876132965088, -1.9091033935547
 53.886089324951, -1.9211483001709
 53.901863098145, -1.9477558135986
 53.906593322754, -1.9852066040039
 53.912887573242, -1.997594833374
 53.933563232422, -2.010555267334
 53.949699401855, -2.0171928405762
 53.949890136719, -2.0175361633301
 53.951930999756, -2.0191669464111
 53.953113555908, -2.0193099975586
 53.957233428955, -2.0191669464111
 53.959655761719, -2.017765045166
 53.961353302002, -2.0167350769043
 53.962459564209, -2.0163059234619
 53.960399627686, -2.015905380249
 53.960781097412, -2.0131874084473
 53.961505889893, -2.010498046875
 53.96183013916, -2.0080089569092
 53.962783813477, -2.0044612884521
 53.964176177979, -2.0028591156006
 53.965454101562, -1.9942474365234
 53.966159820557, -1.9452381134033
 53.956356048584, -1.9084739685059
 53.940696716309, -1.891565322876
 53.929462432861, -1.8550872802734
 53.927631378174, -1.8430995941162
 53.9280128479, -1.8402099609375
 53.928127288818, -1.8367481231689
 53.927879333496, -1.8346881866455
 53.927421569824, -1.8315696716309
 53.927421569824, -1.8315696716309
 53.927421569824, -1.8315696716309
 53.927421569824, -1.8315696716309
 53.927421569824, -1.8315696716309
 53.927971, -1.787403
 53.928833007812, -1.7916584014893
 53.9280128479, -1.7875099182129
 53.9280128479, -1.7878246307373
 53.927993774414, -1.7878246307373
 53.927974700928, -1.7877960205078
 53.9280128479, -1.7877960205078
 53.9280128479, -1.7877960205078
 53.927917480469, -1.7882251739502
 53.921432495117, -1.7768096923828
 53.9111328125, -1.7348098754883
 53.900718688965, -1.7041683197021
 53.897895812988, -1.6566467285156
 53.894557952881, -1.6399383544922
 53.890628814697, -1.6290378570557
 53.870010375977, -1.594877243042
 53.850040435791, -1.5925312042236
 53.838424682617, -1.6021156311035
 53.833484649658, -1.6206550598145
 53.82230758667, -1.609411239624
 53.816890716553, -1.5935039520264
 53.817119598389, -1.5883541107178
 53.817863464355, -1.5849208831787
 53.818626403809, -1.5826320648193
 53.818607330322, -1.5826034545898
 53.819522857666, -1.5816307067871
 53.820743560791, -1.5802001953125
 53.822727203369, -1.5790271759033
 53.824195861816, -1.576509475708
 53.824214935303, -1.5727615356445
 53.823871612549, -1.5686416625977
 53.824100494385, -1.5647220611572
 53.825283050537, -1.5621757507324
 53.826999664307, -1.5608310699463
 53.82568359375, -1.5579986572266
 53.824977874756, -1.5531635284424
 53.824977874756, -1.5493583679199
 53.824901580811, -1.5455532073975
 53.824977874756, -1.5408897399902
 53.824939727783, -1.5383148193359
 53.824901580811, -1.5355968475342
 53.824634552002, -1.5325927734375
 53.823909759521, -1.5301609039307
 53.822269439697, -1.5263557434082
 53.821506500244, -1.523323059082
 53.820514678955, -1.5210056304932
 53.819389343262, -1.5183448791504
 53.817119598389, -1.5152835845947
 53.815498352051, -1.5139675140381
 53.813877105713, -1.5138244628906
 53.810596466064, -1.5110206604004
 53.809089660645, -1.5091896057129
 53.807964324951, -1.5078163146973
 53.805637359619, -1.5064430236816
 53.804912567139, -1.5068435668945
 53.80392074585, -1.5073299407959
 53.80298614502, -1.5076446533203
 53.801860809326, -1.5080451965332
 53.801288604736, -1.5082454681396
 53.79861831665, -1.5097904205322
 53.797225952148, -1.508731842041
 53.79566192627, -1.5076446533203
 53.793621063232, -1.5104198455811
 53.792133331299, -1.5126514434814
 53.790969848633, -1.5134811401367
 53.785972595215, -1.4980888366699
 53.778247833252, -1.4752864837646
 53.777236938477, -1.4672470092773
 53.77779006958, -1.4737129211426
 53.777465820312, -1.4731121063232
