 58.208599, -6.38154
 58.207554501876, -6.3858418274117
 58.207777667457, -6.3902399729089
 58.20956, -6.38863
 58.21143, -6.38856
 58.214191, -6.38607
 58.215869754888, -6.3875172597584
 58.213808563707, -6.3898888973358
 58.212479157067, -6.3925158386806
 58.212304898496, -6.3968152120511
 58.2124365484, -6.3959304159984
 58.212572683661, -6.3925237620419
 58.214814936953, -6.3900955731144
 58.215979105543, -6.3880403307716
 58.216019, -6.3858
 58.212993947005, -6.3976292184134
 58.212395966413, -6.3969037944295
 58.215852020057, -6.3854164380083
 58.214352, -6.38427
 58.21339, -6.38385
 58.212589, -6.38347
 58.211842, -6.38305
 58.20892, -6.38167
 58.20892, -6.38167
 58.208680859921, -6.3812845402361
 58.208702692496, -6.3774314551848
 58.208925408752, -6.3765819824047
 58.210887540758, -6.3766278326943
 58.210303603115, -6.3770935426982
 58.209117110835, -6.3770983738889
 58.209903926083, -6.3783666083434
 58.209998805011, -6.3776984188529
 58.209998805011, -6.3776984188529
 58.209998805011, -6.3776984188529
 58.209998805011, -6.3776984188529
 58.209998805011, -6.3776984188529
 58.209998805011, -6.3776984188529
 58.209998805011, -6.3776984188529
 58.209998805011, -6.3776984188529
 58.209998805011, -6.3776984188529
 58.209998805011, -6.3776984188529
 58.209998805011, -6.3776984188529
 58.209998805011, -6.3776984188529
 58.209998805011, -6.3776984188529
 58.209998805011, -6.3776984188529
 58.209998805011, -6.3776984188529
 58.209998805011, -6.3776984188529
 58.209998805011, -6.3776984188529
 58.213792, -6.330614
 58.213792, -6.330614
 58.213792, -6.330614
 58.213792, -6.330614
 58.213792, -6.330614
 58.213792, -6.330614
 58.213792, -6.330614
 58.213792, -6.330614
 58.213792, -6.330614
 58.213792, -6.330614
 58.213951, -6.330528
 58.213951, -6.330528
 58.213951, -6.330528
 58.213951, -6.330528
 58.213951, -6.330528
 58.213951, -6.330528
 58.213951, -6.330528
 58.213951, -6.330528
 58.18401, -6.22499
 58.18401, -6.22499
 58.14938, -6.101558
 58.11441, -5.980271
 58.11441, -5.980271
 58.082554, -5.869699
 58.048103, -5.751468
 58.012066, -5.626953
 58.012066, -5.626953
 57.975483, -5.504769
 57.940315, -5.383482
 57.940315, -5.383482
 57.893757, -5.224039
 57.893757, -5.224039
 57.855972, -5.095072
 57.825073, -4.992452
 57.825073, -4.992452
 57.788391, -4.872602
 57.754543, -4.756518
 57.718197, -4.636883
 57.718197, -4.636883
 57.67643, -4.494766
 57.67643, -4.494766
 57.637951, -4.362493
 57.603161, -4.250412
 57.586563, -4.193654
 57.564468, -4.119873
 57.54126, -4.050522
 57.54126, -4.050522
 57.539672851562, -4.0640258789062
 57.53963470459, -4.0639972686768
 57.539710998535, -4.0639686584473
 57.539691925049, -4.0639686584473
 57.539730072021, -4.0639972686768
 57.539672851562, -4.0640258789062
 57.539672851562, -4.0640544891357
 57.539672851562, -4.0640258789062
 57.539672851562, -4.0640544891357
 57.539100646973, -4.0643405914307
 57.533893585205, -4.0596485137939
 57.531623840332, -4.0507507324219
 57.513465881348, -4.0933799743652
 57.501430511475, -4.1322040557861
 57.496356964111, -4.150972366333
 57.485103607178, -4.1743469238281
 57.482204437256, -4.1993808746338
 57.478942871094, -4.2224407196045
 57.478866577148, -4.2283916473389
 57.475738525391, -4.2247295379639
 57.475090026855, -4.2249584197998
 57.475109100342, -4.2249870300293
 57.475090026855, -4.2249870300293
 57.475090026855, -4.2249870300293
 57.475090026855, -4.2249870300293
 57.475090026855, -4.2249870300293
 57.475109100342, -4.2249870300293
 57.474384307861, -4.2248153686523
 57.474384307861, -4.2248153686523
 57.472515106201, -4.2155456542969
 57.471733093262, -4.2108535766602
 57.473030090332, -4.2078495025635
 57.473239898682, -4.2026710510254
 57.473220825195, -4.1989803314209
 57.472667694092, -4.1953468322754
 57.47200012207, -4.1907978057861
 57.471656799316, -4.18776512146
 57.470722198486, -4.1832733154297
 57.457122802734, -4.1655349731445
 57.440280914307, -4.1439056396484
 57.420234680176, -4.13254737854
 57.398262023926, -4.1287994384766
 57.398262023926, -4.1287994384766
 57.381896972656, -4.0565299987793
 57.365417480469, -4.0203380584717
 57.35860824585, -4.0055751800537
 57.340545654297, -3.9906692504883
 57.31237411499, -3.9506721496582
 57.305011749268, -3.9322757720947
 57.292804718018, -3.874568939209
 57.292804718018, -3.874568939209
 57.292804718018, -3.874568939209
 57.28874206543, -3.8374328613281
 57.28874206543, -3.8374328613281
 57.28874206543, -3.8374328613281
 57.276840209961, -3.8255310058594
 57.276840209961, -3.8255310058594
 57.276840209961, -3.8255310058594
 57.204551696777, -3.826789855957
 57.20157623291, -3.8276767730713
 57.200145721436, -3.8283061981201
 57.19820022583, -3.8289070129395
 57.194728851318, -3.8290786743164
 57.19352722168, -3.82887840271
 57.192630767822, -3.8287353515625
 57.192630767822, -3.8287353515625
 57.192630767822, -3.8287353515625
 57.192630767822, -3.8287353515625
 57.183971405029, -3.8309669494629
 57.183704376221, -3.8313102722168
 57.170467376709, -3.8521385192871
 57.170467376709, -3.8521385192871
 57.170467376709, -3.8521385192871
 57.170467376709, -3.8521385192871
 57.170467376709, -3.8521385192871
 57.278359287184, -3.8108676327308
 57.279113851507, -3.8113663658381
 57.281179983731, -3.8131097716237
 57.282457564728, -3.812934905188
 57.282720780995, -3.8132193410457
 57.282720780995, -3.8132193410457
 57.282720780995, -3.8132193410457
 57.282720780995, -3.8132193410457
 57.282720780995, -3.8132193410457
 57.282720780995, -3.8132193410457
 57.282257080078, -3.8138294219971
 57.282257080078, -3.8138294219971
 57.282218933105, -3.8138580322266
 57.282218933105, -3.8138580322266
 57.282218933105, -3.8138580322266
 57.282218933105, -3.8138580322266
 57.282218933105, -3.8138580322266
 57.285462675026, -3.8110027357967
 57.325110829337, -3.6167514504908
 57.325110829337, -3.6167514504908
 57.325110829337, -3.6167514504908
 57.325770873728, -3.6154564767614
 57.326829553049, -3.6130765827225
 57.328748836206, -3.6108063985971
 57.330599817471, -3.608426931445
 57.332525930817, -3.6060799076915
 57.333263591247, -3.604451761348
 57.332034157197, -3.6033832636298
 57.330319779715, -3.6055381883129
 57.328646383368, -3.6076299337462
 57.327354897332, -3.6071867960369
 57.327354897332, -3.6071867960369
 57.327354897332, -3.6071867960369
 57.327354897332, -3.6071867960369
 57.316417694092, -3.5910415649414
 57.301082611084, -3.5601425170898
 57.286338806152, -3.5556221008301
 57.278995513916, -3.559627532959
 57.26993560791, -3.5292148590088
 57.264137268066, -3.4808349609375
 57.26713180542, -3.4640979766846
 57.26713180542, -3.4640979766846
 57.26713180542, -3.4640979766846
 57.265644073486, -3.4127140045166
 57.256984710693, -3.3861351013184
 57.255592346191, -3.3845329284668
 57.254295349121, -3.3828163146973
 57.252788543701, -3.3807563781738
 57.251300811768, -3.3768081665039
 57.251300811768, -3.3768081665039
 57.24271774292, -3.356294631958
 57.233982086182, -3.3418464660645
 57.233982086182, -3.3418464660645
 57.233982086182, -3.3418464660645
 57.233982086182, -3.3418464660645
 57.233982086182, -3.3418464660645
 57.04040579802, -3.2157593988833
 57.176055908203, -3.2339000701904
 57.164878845215, -3.2293224334717
 57.162055969238, -3.2027721405029
 57.162055969238, -3.2027721405029
 57.162055969238, -3.2027721405029
 57.162055969238, -3.2027721405029
 57.162055969238, -3.2027721405029
 57.137145996094, -3.1571960449219
 57.137145996094, -3.1571960449219
 57.137145996094, -3.1571960449219
 57.137145996094, -3.1571960449219
 57.137145996094, -3.1571960449219
 57.038879322697, -3.2094747010137
 57.038879322697, -3.2094747010137
 57.038879322697, -3.2094747010137
 57.038879322697, -3.2094747010137
 57.038879322697, -3.2094747010137
 57.038879322697, -3.2094747010137
 57.038879322697, -3.2094747010137
 57.038879322697, -3.2094747010137
 57.038879322697, -3.2094747010137
 57.038879322697, -3.2094747010137
 57.038879322697, -3.2094747010137
 57.038879322697, -3.2094747010137
 57.03685760498, -3.233528137207
 57.030448913574, -3.2464027404785
 57.037925720215, -3.233585357666
 57.037925720215, -3.2335567474365
 57.037906646729, -3.2334995269775
 57.037906646729, -3.2335567474365
 57.037887573242, -3.233585357666
 57.037887573242, -3.2336139678955
 57.037887573242, -3.2336139678955
 57.037887573242, -3.2336139678955
 57.037887573242, -3.2336139678955
 57.037887573242, -3.2336139678955
 57.038879322697, -3.2094747010137
 57.038879322697, -3.2094747010137
 57.038879322697, -3.2094747010137
 57.038879322697, -3.2094747010137
 57.037906646729, -3.233470916748
 57.04029083252, -3.2292938232422
 57.039699554443, -3.2260608673096
 57.039546966553, -3.224515914917
 57.039585113525, -3.2221126556396
 57.039585113525, -3.2221126556396
 57.039585113525, -3.2221126556396
 57.039585113525, -3.2221126556396
 57.051369, -3.05374
 57.050732, -3.05084
 57.057952880859, -3.0852127075195
 57.05358505249, -3.0553150177002
 57.050914764404, -3.05251121521
 57.05078125, -3.048620223999
 57.050590515137, -3.0456161499023
 57.050151824951, -3.0429267883301
 57.049255371094, -3.0400657653809
 57.047939300537, -3.0374336242676
 57.049427032471, -3.0348300933838
 57.051277160645, -3.0322265625
 57.055549621582, -3.0273628234863
 57.067394256592, -2.9943466186523
 57.065315246582, -2.9549503326416
 57.076282501221, -2.9176425933838
 57.07576751709, -2.8961849212646
 57.076663970947, -2.8930950164795
 57.077865600586, -2.8890323638916
 57.079048156738, -2.8850269317627
 57.075634002686, -2.8456878662109
 57.075634002686, -2.8456878662109
 57.075634002686, -2.8456878662109
 57.075634002686, -2.8456878662109
 57.075634002686, -2.8456878662109
 57.075451, -2.78492
 57.075352, -2.78201
 57.075642, -2.78096
 57.077881, -2.7766
 57.078091, -2.77375
 57.077849733076, -2.7725729426364
 57.086806671105, -2.6842767549926
 57.086806671105, -2.6842767549926
 57.087669372559, -2.7349376678467
 57.086791992188, -2.6839256286621
 57.086563110352, -2.6796054840088
 57.086296081543, -2.675142288208
 57.084636688232, -2.6697063446045
 57.083797454834, -2.6670742034912
 57.072086334229, -2.6596069335938
 57.05753326416, -2.6315402984619
 57.064266204834, -2.5906276702881
 57.06033706665, -2.554235458374
 57.05774307251, -2.5368976593018
 57.05774307251, -2.5368976593018
 57.05774307251, -2.5368976593018
 57.052421569824, -2.5124073028564
 57.052040100098, -2.5110054016113
 57.052040100098, -2.5110054016113
 57.052040100098, -2.5110054016113
 57.052040100098, -2.5110054016113
 57.052040100098, -2.5110054016113
 57.05125, -2.49252
 57.051781, -2.48781
 57.052021, -2.48622
 57.052711, -2.48391
 57.055019, -2.47926
 57.0555, -2.47806
 57.056252, -2.4758
 57.056713104248, -2.4739265441895
 57.056713104248, -2.4739265441895
 57.056713104248, -2.4739265441895
 57.056713104248, -2.4739265441895
 57.056713104248, -2.4739265441895
 57.056428, -2.428193
 57.056428, -2.428193
 57.056428, -2.428193
 57.056428, -2.428193
 57.056428, -2.428193
 57.056428, -2.428193
 57.056428, -2.428193
 57.056428, -2.428193
 57.056428, -2.428193
 57.060451507568, -2.4059200286865
 57.060451507568, -2.4059200286865
 57.060451507568, -2.4059200286865
 57.060451507568, -2.4059200286865
 57.080898, -2.34179
 57.081838653584, -2.3391792928501
 57.081838653584, -2.3391792928501
 57.099113464355, -2.2786617279053
 57.097320556641, -2.2724533081055
 57.096176147461, -2.2691917419434
 57.096118927002, -2.263126373291
 57.09659576416, -2.259407043457
 57.097549438477, -2.2555160522461
 57.098808288574, -2.2526550292969
 57.100009918213, -2.2499942779541
 57.10470199585, -2.2331428527832
 57.109336853027, -2.2132015228271
 57.110137939453, -2.2100830078125
 57.110996246338, -2.2061634063721
 57.111759185791, -2.2022151947021
 57.112350463867, -2.1987247467041
 57.112922668457, -2.1954345703125
 57.113723754883, -2.1910572052002
 57.114276885986, -2.1883392333984
 57.11555480957, -2.1837902069092
 57.116718292236, -2.1801280975342
 57.117404937744, -2.1774387359619
 57.117404937744, -2.1774387359619
 57.117404937744, -2.1774387359619
 57.119483947754, -2.1682548522949
 57.120456695557, -2.1631050109863
 57.121353149414, -2.1594429016113
 57.122230529785, -2.1560668945312
 57.123050689697, -2.1534633636475
 57.123680114746, -2.1512031555176
 57.124786376953, -2.1477127075195
 57.12589263916, -2.1450805664062
 57.127647399902, -2.1422481536865
 57.129135131836, -2.1405029296875
 57.130603790283, -2.1389007568359
 57.132034301758, -2.1360111236572
 57.133083343506, -2.1326351165771
 57.134037017822, -2.129602432251
 57.135181427002, -2.125883102417
 57.135925292969, -2.1234512329102
 57.13659286499, -2.1215915679932
 57.137870788574, -2.1193313598633
 57.139358520508, -2.1170139312744
 57.140216827393, -2.1135234832764
 57.141761779785, -2.1126079559326
 57.143039703369, -2.1113777160645
 57.144298553467, -2.1067714691162
 57.144908905029, -2.1045970916748
 57.145652770996, -2.1018505096436
 57.146816253662, -2.0978736877441
 57.146167755127, -2.0965576171875
