 51.879768371582, -0.41733741760254
 51.878318786621, -0.41507720947266
 51.877574920654, -0.41461944580078
 51.876487731934, -0.41570663452148
 51.877346038818, -0.41790962219238
 51.878833770752, -0.4203987121582
 51.88060760498, -0.42303085327148
 51.881904602051, -0.42463302612305
 51.883296966553, -0.42600631713867
 51.885795593262, -0.42898178100586
 51.886672973633, -0.43127059936523
 51.886940002441, -0.43424606323242
 51.888561248779, -0.43876647949219
 51.890125274658, -0.4423713684082
 51.89079284668, -0.44577598571777
 51.891670227051, -0.44829368591309
 51.89208984375, -0.45104026794434
 51.891765594482, -0.45507431030273
 51.892318725586, -0.45976638793945
 51.892318725586, -0.46093940734863
 51.892833709717, -0.46600341796875
 51.892929077148, -0.47407150268555
 51.892566680908, -0.47736167907715
 51.892242431641, -0.48019409179688
 51.892242431641, -0.48019409179688
 51.890773773193, -0.48728942871094
 51.890277862549, -0.4899787902832
 51.889553070068, -0.49386978149414
 51.88892364502, -0.49704551696777
 51.888446807861, -0.50002098083496
 51.887893676758, -0.50374031066895
 51.887512207031, -0.50771713256836
 51.887226104736, -0.51080703735352
 51.886940002441, -0.51401138305664
 51.886863708496, -0.5159854888916
 51.886863708496, -0.5159854888916
 51.886863708496, -0.5159854888916
 51.886863708496, -0.5159854888916
 51.886863708496, -0.5159854888916
 51.886112596081, -0.52102001001925
 51.887365935794, -0.52279665961622
 51.888612445317, -0.52439833897658
 51.891733841768, -0.52899334874071
 51.891733841768, -0.52899334874071
 51.895427703857, -0.53435325622559
 51.896133422852, -0.53524017333984
 51.896686553955, -0.53604125976562
 51.906909942627, -0.55120468139648
 51.923484802246, -0.57500839233398
 51.937503814697, -0.59689521789551
 51.954345703125, -0.62599182128906
 51.967716217041, -0.6503963470459
 51.986331939697, -0.6786060333252
 51.992359161377, -0.70109367370605
 52.007179260254, -0.71431159973145
 52.013130187988, -0.72017669677734
 52.019157409668, -0.72572708129883
 52.039737701416, -0.74106216430664
 52.040042877197, -0.74787139892578
 52.039413452148, -0.75018882751465
 52.040939331055, -0.75176239013672
 52.042846679688, -0.75387954711914
 52.044467926025, -0.75565338134766
 52.043647766113, -0.75831413269043
 52.04216003418, -0.76177597045898
 52.041034698486, -0.76437950134277
 52.039909362793, -0.76701164245605
 52.0387840271, -0.76961517333984
 52.037315368652, -0.77167510986328
 52.032985687256, -0.76672554016113
 52.020893096924, -0.75176239013672
 52.009658813477, -0.73840141296387
 52.002105712891, -0.7261848449707
 51.99592590332, -0.7342529296875
 51.994476318359, -0.73433876037598
 51.993274688721, -0.73822975158691
 51.994915008545, -0.73800086975098
 51.99686050415, -0.73837280273438
 51.997089385986, -0.74172019958496
 51.996612548828, -0.7423210144043
 51.996803283691, -0.74209213256836
 51.996803283691, -0.74220657348633
 51.996784210205, -0.74223518371582
 51.996803283691, -0.74223518371582
 51.996879577637, -0.74223518371582
 51.996879577637, -0.74223518371582
 51.996879577637, -0.74223518371582
 51.996879577637, -0.74223518371582
 51.996879577637, -0.74223518371582
 51.996936798096, -0.74217796325684
 51.996841430664, -0.74223518371582
 51.99686050415, -0.74220657348633
 51.996822357178, -0.74214935302734
 51.996898651123, -0.73851585388184
 51.99535369873, -0.73777198791504
 51.993160247803, -0.73845863342285
 51.992530822754, -0.74189186096191
 51.99239730835, -0.74481010437012
 51.991786956787, -0.74784278869629
 51.991405487061, -0.75010299682617
 51.99125289917, -0.75353622436523
 51.99125289917, -0.75353622436523
 51.990261077881, -0.76008796691895
 51.989841461182, -0.76417922973633
 51.9895362854, -0.76681137084961
 51.986179351807, -0.80886840820312
 51.986179351807, -0.80886840820312
 51.983470916748, -0.87161064147949
 51.98579788208, -0.88966369628906
 51.993427276611, -0.94682693481445
 51.992530822754, -0.96522331237793
 52.002601623535, -0.97732543945312
 52.00309753418, -0.97912788391113
 52.003002166748, -0.98095893859863
 52.002010345459, -0.98379135131836
 52.000389099121, -0.98690986633301
 51.999034881592, -0.98670959472656
 51.99743270874, -0.98553657531738
 51.994342803955, -0.98247528076172
 51.993751525879, -0.98213195800781
 51.985149383545, -0.97569465637207
 51.97114944458, -0.9528636932373
 51.961097717285, -0.92960357666016
 51.951274871826, -0.89730262756348
 51.951274871826, -0.89730262756348
 51.951274871826, -0.89730262756348
 51.951274871826, -0.89730262756348
 51.951274871826, -0.89730262756348
 51.943148090745, -0.88122497693868
 51.941208317021, -0.8810149486217
 51.940894128319, -0.87724329681766
 51.940428628928, -0.87542195911599
 51.940428628928, -0.87542195911599
 51.881392149071, -0.8375686809694
 51.889495849609, -0.83667755126953
 51.889495849609, -0.83667755126953
 51.889495849609, -0.83667755126953
 51.889495849609, -0.83667755126953
 51.876433130415, -0.831756487587
 51.876433130415, -0.831756487587
 51.866836547852, -0.83324432373047
 51.846733093262, -0.82403182983398
 51.829605102539, -0.81456184387207
 51.826133728027, -0.81459045410156
 51.825408935547, -0.81453323364258
 51.822967529297, -0.8148193359375
 51.821365356445, -0.81501960754395
 51.819858551025, -0.81562042236328
 51.818866729736, -0.81418991088867
 51.817226409912, -0.81255912780762
 51.815605163574, -0.81233024597168
 51.814403533936, -0.81018447875977
 51.812763214111, -0.80855369567871
 51.811466217041, -0.80680847167969
 51.811599731445, -0.80517768859863
 51.81282043457, -0.80351829528809
 51.811637878418, -0.79999923706055
 51.810092926025, -0.79816818237305
 51.808338165283, -0.79836845397949
 51.806716918945, -0.79845428466797
 51.804828643799, -0.79559326171875
 51.803684234619, -0.79390525817871
 51.802425384521, -0.79184532165527
 51.801147460938, -0.7903003692627
 51.799449920654, -0.78832626342773
 51.797752380371, -0.78603744506836
 51.796436309814, -0.78366279602051
 51.794776916504, -0.78251838684082
 51.793479919434, -0.7814884185791
 51.791381835938, -0.77974319458008
 51.790103912354, -0.77922821044922
 51.789722442627, -0.78063011169434
 51.789245605469, -0.78206062316895
 51.78882598877, -0.7833194732666
 51.788139343262, -0.78535079956055
 51.787376403809, -0.7877254486084
 51.78617477417, -0.79092979431152
 51.786518096924, -0.79361915588379
 51.788330078125, -0.79670906066895
 51.790828704834, -0.79922676086426
 51.792163848877, -0.80077171325684
 51.794567108154, -0.80300331115723
 51.796875, -0.80500602722168
 51.799068450928, -0.80635070800781
 51.80061340332, -0.8027458190918
 51.800994873047, -0.80060005187988
 51.800346374512, -0.80080032348633
 51.800365447998, -0.8009147644043
 51.801071166992, -0.80148696899414
 51.800727844238, -0.80243110656738
 51.800060272217, -0.80471992492676
 51.798896789551, -0.80700874328613
 51.79859161377, -0.80941200256348
 51.799278259277, -0.81212997436523
 51.799774169922, -0.8141040802002
 51.798553466797, -0.81596374511719
 51.798515319824, -0.81599235534668
 51.798534393311, -0.8159065246582
 51.798553466797, -0.81596374511719
 51.798534393311, -0.81596374511719
 51.798553466797, -0.8159351348877
 51.798572540283, -0.8159351348877
 51.798572540283, -0.8159351348877
 51.798572540283, -0.8159351348877
 51.798572540283, -0.8159351348877
 51.798572540283, -0.8159351348877
 51.798316323958, -0.8143165561153
 51.798316323958, -0.8143165561153
 51.798316323958, -0.8143165561153
 51.798316323958, -0.8143165561153
 51.798316323958, -0.8143165561153
 51.798316323958, -0.8143165561153
 51.798316323958, -0.8143165561153
 51.798316323958, -0.8143165561153
 51.798316323958, -0.8143165561153
 51.798316323958, -0.8143165561153
 51.798316323958, -0.8143165561153
 51.798316323958, -0.8143165561153
 51.798316323958, -0.8143165561153
 51.798316323958, -0.8143165561153
 51.798316323958, -0.8143165561153
 51.798316323958, -0.8143165561153
 51.798316323958, -0.8143165561153
 51.798316323958, -0.8143165561153
 51.798896789551, -0.81550598144531
 51.799869537354, -0.81430435180664
 51.798076629639, -0.81859588623047
 51.80082321167, -0.80720901489258
 51.810283660889, -0.80672264099121
 51.815395355225, -0.81624984741211
 51.823406219482, -0.82832336425781
 51.829528808594, -0.84637641906738
 51.836090087891, -0.87241172790527
 51.842555999756, -0.89509963989258
 51.845588684082, -0.91518402099609
 51.84549331665, -0.91569900512695
 51.84549331665, -0.91569900512695
 51.84549331665, -0.91569900512695
 51.846561431885, -0.92820167541504
 51.850280761719, -0.93289375305176
 51.85245513916, -0.95978736877441
 51.856670379639, -0.97640991210938
 51.870594024658, -1.0249900817871
 51.873970031738, -1.06764793396
 51.878204345703, -1.1093044281006
 51.884708404541, -1.1395740509033
 51.891250610352, -1.1478137969971
 51.891593933105, -1.147985458374
 51.892433166504, -1.1478137969971
 51.893577575684, -1.1477565765381
 51.894550323486, -1.148099899292
 51.895809173584, -1.1491870880127
 51.897239685059, -1.1503601074219
 51.898040771484, -1.1511325836182
 51.898498535156, -1.1516189575195
 51.898498535156, -1.1516189575195
 51.898498535156, -1.1516189575195
 51.898498535156, -1.1516189575195
 51.898498535156, -1.1516189575195
 51.878370576657, -1.2742367831847
 51.87641372746, -1.2750065668485
 51.875023783964, -1.2753099766581
 51.872988387591, -1.2761515840298
 51.894588470459, -1.2106132507324
 51.894073486328, -1.2255477905273
 51.894073486328, -1.2255477905273
 51.894073486328, -1.2255477905273
 51.894073486328, -1.2255477905273
 51.843738102471, -1.3465233432136
 51.84522025352, -1.3496650167884
 51.846132083775, -1.3516699974749
 51.847207838569, -1.3552050472572
 51.847667350541, -1.3585315309955
 51.845291970507, -1.3578882443839
 51.845291970507, -1.3578882443839
 51.839637756348, -1.3399600982666
 51.840744018555, -1.3417911529541
 51.844844818115, -1.3485431671143
 51.845092773438, -1.3490009307861
 51.84497833252, -1.3490581512451
 51.845932006836, -1.3509750366211
 51.846904754639, -1.3533210754395
 51.84757232666, -1.3563251495361
 51.847610473633, -1.356725692749
 51.846294403076, -1.3582706451416
 51.843872070312, -1.3572978973389
 51.84289932251, -1.3598728179932
 51.842746734619, -1.3622760772705
 51.842613220215, -1.3621616363525
 51.842613220215, -1.362133026123
 51.842594146729, -1.3621616363525
 51.842613220215, -1.3621616363525
 51.842594146729, -1.3621616363525
 51.842613220215, -1.3621616363525
 51.842613220215, -1.3621616363525
 51.842594146729, -1.362190246582
 51.842994689941, -1.3601589202881
 51.84362411499, -1.3574695587158
 51.842670440674, -1.3552379608154
 51.841239929199, -1.3539791107178
 51.838836669922, -1.3495445251465
 51.838836669922, -1.3495445251465
 51.850032806396, -1.3183307647705
 51.850032806396, -1.3183307647705
 51.82991027832, -1.2988471984863
 51.827640533447, -1.296272277832
 51.826019287109, -1.2942981719971
 51.824207305908, -1.2922096252441
 51.822834014893, -1.2900924682617
 51.820735931396, -1.2870597839355
 51.818962097168, -1.2842845916748
 51.817455291748, -1.2822818756104
 51.816253662109, -1.281681060791
 51.815071105957, -1.2812805175781
 51.8137550354, -1.2807083129883
 51.810760498047, -1.2794780731201
 51.799926757812, -1.2818241119385
 51.788272857666, -1.2801933288574
 51.788082122803, -1.2607383728027
 51.77698135376, -1.2324142456055
 51.765613555908, -1.2007999420166
 51.752147674561, -1.1951923370361
 51.737232208252, -1.1970520019531
 51.736698150635, -1.1944198608398
 51.735286712646, -1.1953067779541
 51.734142303467, -1.1961078643799
 51.732387542725, -1.197395324707
 51.731338500977, -1.1987113952637
 51.730937957764, -1.2011432647705
 51.729869842529, -1.2021732330322
 51.729469299316, -1.2005424499512
 51.728992462158, -1.1997413635254
 51.728992462158, -1.1997699737549
 51.728610992432, -1.1984539031982
 51.726932525635, -1.1958503723145
 51.725463867188, -1.1926174163818
 51.723365783691, -1.1953639984131
 51.721954345703, -1.1985683441162
 51.720848083496, -1.2006855010986
 51.721134185791, -1.2019157409668
 51.721954345703, -1.2041473388672
 51.722145080566, -1.204719543457
 51.722717285156, -1.2060070037842
 51.724109649658, -1.2086391448975
 51.726169586182, -1.2098407745361
 51.726169586182, -1.2098407745361
 51.726169586182, -1.2098407745361
 51.726169586182, -1.2098407745361
 51.732788085938, -1.213903427124
 51.733379364014, -1.2129020690918
 51.735763549805, -1.2164497375488
 51.73734664917, -1.2185382843018
 51.738243103027, -1.2198829650879
 51.740760803223, -1.2241458892822
 51.742172241211, -1.2259197235107
 51.744079589844, -1.228723526001
 51.745300292969, -1.2302398681641
 51.746006011963, -1.2320137023926
 51.746940612793, -1.234188079834
 51.747741699219, -1.2367916107178
 51.748638153076, -1.2394523620605
 51.749229431152, -1.2421417236328
 51.7502784729, -1.2438869476318
 51.750602722168, -1.2404537200928
 51.751098632812, -1.2375640869141
 51.749782562256, -1.2342166900635
