 53.73966217041, -0.33273696899414
 53.740520477295, -0.3339672088623
 53.740711212158, -0.33559799194336
 53.740863800049, -0.33791542053223
 53.740882873535, -0.33980369567871
 53.74059677124, -0.3431510925293
 53.739681243896, -0.34558296203613
 53.738822937012, -0.34838676452637
 53.738212585449, -0.35076141357422
 53.731918334961, -0.36088943481445
 53.724403381348, -0.39467811584473
 53.719253540039, -0.43006896972656
 53.716239929199, -0.44697761535645
 53.726196289062, -0.49684524536133
 53.726272583008, -0.53609848022461
 53.730487823486, -0.55686950683594
 53.728809356689, -0.55841445922852
 53.729076385498, -0.56116104125977
 53.729839324951, -0.5646800994873
 53.729839324951, -0.5679988861084
 53.72989654541, -0.57157516479492
 53.730278015137, -0.57294845581055
 53.732604980469, -0.57188987731934
 53.734359741211, -0.57114601135254
 53.736190795898, -0.57023048400879
 53.736190795898, -0.57023048400879
 53.736190795898, -0.57023048400879
 53.736190795898, -0.57023048400879
 53.736190795898, -0.57023048400879
 53.74103, -0.57676
 53.741116507067, -0.57752676596835
 53.741116507067, -0.57752676596835
 53.741116507067, -0.57752676596835
 53.741116507067, -0.57752676596835
 53.762702941895, -0.74080467224121
 53.751850128174, -0.77608108520508
 53.746871948242, -0.81315994262695
 53.740692138672, -0.8507251739502
 53.73779296875, -0.87309837341309
 53.728618621826, -0.89023590087891
 53.715400695801, -0.89003562927246
 53.70849609375, -0.88594436645508
 53.707523345947, -0.88502883911133
 53.706436157227, -0.88122367858887
 53.705615997314, -0.87836265563965
 53.704929351807, -0.87593078613281
 53.705425262451, -0.86983680725098
 53.703346252441, -0.87206840515137
 53.703441619873, -0.87369918823242
 53.7034034729, -0.87604522705078
 53.704147338867, -0.87475776672363
 53.705005645752, -0.87624549865723
 53.705425262451, -0.87761878967285
 53.706207275391, -0.88059425354004
 53.707275390625, -0.88419914245605
 53.706150054932, -0.88631629943848
 53.705501556396, -0.89698791503906
 53.706722259521, -0.92010498046875
 53.706169128418, -0.93589782714844
 53.706169128418, -0.93589782714844
 53.726100921631, -1.0096836090088
 53.7233543396, -1.0201263427734
 53.725624084473, -1.0220718383789
 53.726501464844, -1.0247898101807
 53.727512359619, -1.0284233093262
 53.728771209717, -1.0324001312256
 53.729991912842, -1.0349178314209
 53.734474182129, -1.0390377044678
 53.765087127686, -1.0637283325195
 53.773059844971, -1.0645866394043
 53.775177001953, -1.0638999938965
 53.776454925537, -1.0632419586182
 53.779487609863, -1.063985824585
 53.781776428223, -1.065731048584
 53.78345489502, -1.0673046112061
 53.783950805664, -1.0699653625488
 53.78288269043, -1.074800491333
 53.781490325928, -1.0777187347412
 53.781604766846, -1.0777473449707
 53.781490325928, -1.0776615142822
 53.781433105469, -1.0776615142822
 53.781394958496, -1.0775756835938
 53.781471252441, -1.0777187347412
 53.781490325928, -1.0776615142822
 53.781509399414, -1.0776901245117
 53.781642913818, -1.0788059234619
 53.780727386475, -1.0819816589355
 53.780040740967, -1.0867309570312
 53.779830932617, -1.089448928833
 53.779125213623, -1.0921955108643
 53.779125213623, -1.0959434509277
 53.779010772705, -1.1000919342041
 53.777484893799, -1.109447479248
 53.772430419922, -1.1343097686768
 53.770790100098, -1.1566829681396
 53.766250610352, -1.1838912963867
 53.763408660889, -1.2023448944092
 53.761024475098, -1.2294387817383
 53.761405944824, -1.232328414917
 53.76184463501, -1.234245300293
 53.762187957764, -1.2357330322266
 53.762531280518, -1.2381649017334
 53.762531280518, -1.2381649017334
 53.761463165283, -1.246862411499
 53.761463165283, -1.246862411499
 53.76091003418, -1.2520408630371
 53.774223327637, -1.2431144714355
 53.795356750488, -1.2353038787842
 53.806037902832, -1.2552738189697
 53.812503814697, -1.2573623657227
 53.814716339111, -1.2576484680176
 53.816719055176, -1.2584209442139
 53.818588256836, -1.2587642669678
 53.820896148682, -1.2587356567383
 53.822116851807, -1.2590503692627
 53.837757110596, -1.2643718719482
 53.842391967773, -1.2646293640137
 53.842391967773, -1.2646293640137
 53.878479003906, -1.2655448913574
 53.879814147949, -1.2655448913574
 53.881282806396, -1.2653732299805
 53.883113861084, -1.263599395752
 53.884239196777, -1.2639427185059
 53.884963989258, -1.2661457061768
 53.885116577148, -1.2693786621094
 53.886127471924, -1.2706089019775
 53.887386322021, -1.2721824645996
 53.888378143311, -1.2750148773193
 53.896312713623, -1.307258605957
 53.900833129883, -1.3352394104004
 53.901824951172, -1.3375282287598
 53.90287399292, -1.3403034210205
 53.903713226318, -1.3437938690186
 53.904342651367, -1.3455104827881
 53.905258178711, -1.3472843170166
 53.905849456787, -1.3494873046875
 53.907032012939, -1.35498046875
 53.907203674316, -1.3573265075684
 53.90718460083, -1.3593006134033
 53.906288146973, -1.3625335693359
 53.90604019165, -1.3651084899902
 53.90645980835, -1.382474899292
 53.923816680908, -1.3854789733887
 53.93253326416, -1.3737487792969
 53.93346786499, -1.376953125
 53.932609558105, -1.3799858093262
 53.931522369385, -1.3839054107666
 53.930053710938, -1.3850784301758
 53.92915725708, -1.3853645324707
 53.926601409912, -1.386022567749
 53.924865722656, -1.3856792449951
 53.923206329346, -1.3857364654541
 53.909568786621, -1.4021015167236
 53.908290863037, -1.413688659668
 53.904361724854, -1.44455909729
 53.90043258667, -1.4797210693359
 53.900146484375, -1.5079307556152
 53.900146484375, -1.5079307556152
 53.899593353271, -1.5154838562012
 53.899803161621, -1.5171146392822
 53.899803161621, -1.5171146392822
 53.899803161621, -1.5171146392822
 53.899803161621, -1.5171146392822
 53.899803161621, -1.5171146392822
 53.897208954164, -1.5276432105434
 53.897208954164, -1.5276432105434
 53.897208954164, -1.5276432105434
 53.897208954164, -1.5276432105434
 53.897208954164, -1.5276432105434
 53.897208954164, -1.5276432105434
 53.897208954164, -1.5276432105434
 53.897208954164, -1.5276432105434
 53.897208954164, -1.5276432105434
 53.897208954164, -1.5276432105434
 53.897208954164, -1.5276432105434
 53.897208954164, -1.5276432105434
 53.897208954164, -1.5276432105434
 53.897208954164, -1.5276432105434
 53.897208954164, -1.5276432105434
 53.897208954164, -1.5276432105434
 53.897208954164, -1.5276432105434
 53.897208954164, -1.5276432105434
 53.897208954164, -1.5276432105434
 53.897208954164, -1.5276432105434
 53.897208954164, -1.5276432105434
 53.897208954164, -1.5276432105434
 53.897208954164, -1.5276432105434
 53.897208954164, -1.5276432105434
 53.897208954164, -1.5276432105434
 53.924694061279, -1.5327072143555
 53.943710327148, -1.5388011932373
 53.951625823975, -1.519947052002
 53.951625823975, -1.519947052002
 53.951625823975, -1.519947052002
 53.997535705566, -1.4439296722412
 54.007301330566, -1.4360046386719
 54.007472991943, -1.437406539917
 54.007167816162, -1.4401531219482
 54.006404876709, -1.4422416687012
 54.005641937256, -1.4449310302734
 54.00562286377, -1.4481067657471
 54.005546569824, -1.4525985717773
 54.005489349365, -1.4564609527588
 54.005641937256, -1.4593505859375
 54.006481170654, -1.4624404907227
 54.00691986084, -1.4634990692139
 54.008140563965, -1.4660739898682
 54.009666442871, -1.4692497253418
 54.011077880859, -1.4703369140625
 54.010391235352, -1.4737415313721
 54.008960723877, -1.4749717712402
 54.008197784424, -1.4764595031738
 54.004535675049, -1.4909362792969
 54.003639221191, -1.4932537078857
 54.002056121826, -1.4955139160156
 54.000129699707, -1.4977741241455
 53.998870849609, -1.4991760253906
 53.99787902832, -1.5014362335205
 53.99730682373, -1.5039825439453
 53.996925354004, -1.5065574645996
 53.996391296387, -1.5104198455811
 53.996143341064, -1.5123653411865
 53.995780944824, -1.5148258209229
 53.99543762207, -1.5171146392822
 53.994960784912, -1.5202903747559
 53.993835449219, -1.523494720459
 53.99227142334, -1.5266132354736
 53.991069793701, -1.5288734436035
 53.989963531494, -1.5311622619629
 53.988800048828, -1.534538269043
 53.988800048828, -1.534538269043
 53.986968994141, -1.5393733978271
 53.989238739014, -1.5409183502197
 53.989238739014, -1.5409183502197
 53.989238739014, -1.5409183502197
 53.995723724365, -1.5447521209717
 53.99829864502, -1.5468120574951
 54.000816345215, -1.5476131439209
 54.012889862061, -1.5562534332275
 54.027538299561, -1.5659236907959
 54.042930603027, -1.5625476837158
 54.055461883545, -1.5384292602539
 54.072246551514, -1.5362548828125
 54.090156555176, -1.5301322937012
 54.101257324219, -1.5271282196045
 54.119148254395, -1.5259838104248
 54.13387298584, -1.5218067169189
 54.133033752441, -1.5357398986816
 54.132385253906, -1.543550491333
 54.130439758301, -1.5563678741455
 54.119319915771, -1.5820598602295
 54.119319915771, -1.5820598602295
 54.119319915771, -1.5820598602295
 54.119319915771, -1.5820598602295
 54.119319915771, -1.5820598602295
 54.109761, -1.586457
 54.109761, -1.586457
 54.109761, -1.586457
 54.109761, -1.586457
 54.109761, -1.586457
 54.109761, -1.586457
 54.109761, -1.586457
 54.109761, -1.586457
 54.109761, -1.586457
 54.109761, -1.586457
 54.109761, -1.586457
 54.109761, -1.586457
 54.109761, -1.586457
 54.109761, -1.586457
 54.109761, -1.586457
 54.109761, -1.586457
 54.109761, -1.586457
 54.133262634277, -1.5365695953369
 54.133415222168, -1.5322494506836
 54.134120941162, -1.5292453765869
 54.135112762451, -1.5250682830811
 54.136810302734, -1.5238380432129
 54.136295318604, -1.523265838623
 54.135093688965, -1.5228080749512
 54.135074615479, -1.5212345123291
 54.135417938232, -1.5186882019043
 54.137306213379, -1.5185737609863
 54.13854598999, -1.5159702301025
 54.13106918335, -1.5116214752197
 54.12691116333, -1.488561630249
 54.12576675415, -1.4645862579346
 54.121837615967, -1.4342594146729
 54.112892150879, -1.413459777832
 54.09107208252, -1.4038181304932
 54.076080322266, -1.3941478729248
 54.050521850586, -1.3885402679443
 54.024353027344, -1.3833618164062
 54.000339508057, -1.3675975799561
 53.974533081055, -1.3658809661865
 53.948841094971, -1.3699722290039
 53.924751281738, -1.3776683807373
 53.902587890625, -1.373462677002
 53.8791847229, -1.3575267791748
 53.857078552246, -1.3460826873779
 53.862419128418, -1.3179016113281
 53.871917724609, -1.2764167785645
 53.888931274414, -1.2435436248779
 53.896598815918, -1.2085247039795
 53.910617828369, -1.1805438995361
 53.920307159424, -1.1493587493896
 53.926887512207, -1.1188888549805
 53.928241729736, -1.116828918457
 53.929119110107, -1.1158847808838
 53.929843902588, -1.1151695251465
 53.931903839111, -1.1138248443604
 53.934230804443, -1.1118507385254
 53.935699462891, -1.1106204986572
 53.937473297119, -1.1091613769531
 53.939304351807, -1.1073589324951
 53.941535949707, -1.1053848266602
 53.942909240723, -1.1043262481689
 53.94437789917, -1.1031532287598
 53.945693969727, -1.1021518707275
 53.947219848633, -1.1010646820068
 53.948802947998, -1.0999488830566
 53.950271606445, -1.098518371582
 53.951854705811, -1.0966873168945
 53.953456878662, -1.0943984985352
 53.954982757568, -1.0920238494873
 53.958930969238, -1.0906219482422
 53.959465026855, -1.0890769958496
 53.959064483643, -1.0884189605713
 53.959102630615, -1.0882186889648
 53.95902633667, -1.0882472991943
 53.958930969238, -1.0879039764404
 53.957252502441, -1.0863304138184
 53.957462310791, -1.0831832885742
 53.959331512451, -1.0842418670654
 53.961086273193, -1.0849571228027
 53.961639404297, -1.0828399658203
 53.961448669434, -1.0823249816895
 53.960056304932, -1.0799789428711
 53.958778381348, -1.0796356201172
 53.957958221436, -1.0808086395264
 53.956146240234, -1.0811805725098
 53.954429626465, -1.0804080963135
 53.952674865723, -1.083984375
 53.950290679932, -1.0850429534912
 53.948841094971, -1.0850429534912
 53.946743011475, -1.085729598999
 53.945903778076, -1.0858154296875
 53.944072723389, -1.0864734649658
 53.943748474121, -1.0879325866699
 53.943195343018, -1.0907649993896
 53.942928314209, -1.0938835144043
 53.944225311279, -1.0951137542725
 53.944244384766, -1.095142364502
 53.944263458252, -1.0951137542725
