 52.919616699219, -1.4752578735352
 52.917385101318, -1.4741992950439
 52.916736602783, -1.4750862121582
 52.917289733887, -1.4786624908447
 52.915668487549, -1.4805793762207
 52.914180755615, -1.4826965332031
 52.913036346436, -1.4852428436279
 52.911777496338, -1.4884471893311
 52.910900115967, -1.4907646179199
 52.910442352295, -1.4934825897217
 52.909927368164, -1.4963436126709
 52.908802032471, -1.4989185333252
 52.907829284668, -1.5011215209961
 52.909374237061, -1.5030384063721
 52.910442352295, -1.5056705474854
 52.911682128906, -1.5068435668945
 52.913131713867, -1.5082454681396
 52.913703918457, -1.5098762512207
 52.91259765625, -1.5124225616455
 52.91202545166, -1.5154838562012
 52.911930084229, -1.5174007415771
 52.911567687988, -1.5254974365234
 52.89213180542, -1.541862487793
 52.861804962158, -1.5732765197754
 52.842235565186, -1.5991687774658
 52.829303741455, -1.6154479980469
 52.826271057129, -1.6193962097168
 52.824001312256, -1.622371673584
 52.821254730225, -1.6257762908936
 52.81946182251, -1.6280937194824
 52.817573547363, -1.6304683685303
 52.815361022949, -1.633415222168
 52.813358306885, -1.6355037689209
 52.811660766602, -1.6381072998047
 52.809734344482, -1.640510559082
 52.807388305664, -1.6429996490479
 52.806072235107, -1.640796661377
 52.80553817749, -1.6379928588867
 52.804203033447, -1.6344165802002
 52.801742553711, -1.6357898712158
 52.799396514893, -1.6371917724609
 52.799587249756, -1.640510559082
 52.801494598389, -1.6434288024902
 52.803726196289, -1.6464328765869
 52.804374694824, -1.6488933563232
 52.802410125732, -1.6515827178955
 52.800636291504, -1.6537284851074
 52.799320220947, -1.655445098877
 52.798347473145, -1.6566467285156
 52.795448303223, -1.6660308837891
 52.783317565918, -1.6786766052246
 52.763633728027, -1.6979598999023
 52.754383087158, -1.7112350463867
 52.754383087158, -1.7112350463867
 52.754383087158, -1.7112350463867
 52.754383087158, -1.7112350463867
 52.727947235107, -1.7318344116211
 52.727966308594, -1.7318630218506
 52.72798538208, -1.7318058013916
 52.727966308594, -1.7318344116211
 52.727966308594, -1.7318344116211
 52.727966308594, -1.7318344116211
 52.727966308594, -1.7318344116211
 52.727966308594, -1.7318344116211
 52.727966308594, -1.7318344116211
 52.727973, -1.731886
 52.727973, -1.731886
 52.727973, -1.731886
 52.727947235107, -1.7318916320801
 52.727947235107, -1.7318630218506
 52.727947235107, -1.7318630218506
 52.724723815918, -1.7316627502441
 52.724723815918, -1.7316627502441
 52.709350585938, -1.7681980133057
 52.692012786865, -1.7897129058838
 52.690868377686, -1.7918872833252
 52.689876556396, -1.7951202392578
 52.689476013184, -1.7965507507324
 52.688522338867, -1.8002700805664
 52.687435150146, -1.8045616149902
 52.68669128418, -1.8076229095459
 52.68669128418, -1.8076229095459
 52.685203552246, -1.8141174316406
 52.684803009033, -1.8158340454102
 52.684116363525, -1.8190670013428
 52.683525085449, -1.8222999572754
 52.683525085449, -1.8222999572754
 52.683525085449, -1.8222999572754
 52.683525085449, -1.8222999572754
 52.683525085449, -1.8222999572754
 52.68501933273, -1.831191645727
 52.683738831985, -1.8315121131356
 52.682234922572, -1.8293203838146
 52.679863393421, -1.8270218647202
 52.678650181329, -1.8259516099731
 52.677547105778, -1.8249783080164
 52.675303388636, -1.823476733616
 52.672462463379, -1.8182945251465
 52.672519683838, -1.8140888214111
 52.671451568604, -1.7996406555176
 52.659072875977, -1.7782115936279
 52.644100189209, -1.7540073394775
 52.641830444336, -1.7446231842041
 52.642211914062, -1.7413902282715
 52.642879486084, -1.7382431030273
 52.643394470215, -1.7350101470947
 52.644157409668, -1.7308902740479
 52.643070220947, -1.7288303375244
 52.641353607178, -1.7257976531982
 52.64009475708, -1.7221355438232
 52.639217376709, -1.7191028594971
 52.637462615967, -1.7154121398926
 52.635841369629, -1.7127513885498
 52.634582519531, -1.7102336883545
 52.634258270264, -1.7074012756348
 52.6340675354, -1.7023372650146
 52.634029388428, -1.6987609863281
 52.632446289062, -1.6977024078369
 52.631931304932, -1.6975593566895
 52.631912231445, -1.6976165771484
 52.631816864014, -1.6975879669189
 52.631702423096, -1.6975021362305
 52.631816864014, -1.6976165771484
 52.631855010986, -1.6976451873779
 52.631855010986, -1.6976451873779
 52.633285522461, -1.7052268981934
 52.624359130859, -1.7056274414062
 52.623653411865, -1.7442512512207
 52.633819580078, -1.779842376709
 52.640953063965, -1.8076229095459
 52.650928497314, -1.8348026275635
 52.65645980835, -1.8700504302979
 52.656288146973, -1.8995475769043
 52.656211853027, -1.9275856018066
 52.656211853027, -1.9544506072998
 52.662754058838, -1.9832324981689
 52.670307159424, -2.0145320892334
 52.670803070068, -2.0205974578857
 52.669410705566, -2.0193958282471
 52.668018341064, -2.0181083679199
 52.665538787842, -2.013988494873
 52.663269042969, -2.0115566253662
 52.661323547363, -2.010440826416
 52.659664154053, -2.010669708252
 52.65811920166, -2.0108985900879
 52.656936645508, -2.0109272003174
 52.655487060547, -2.0107555389404
 52.653636932373, -2.0108413696289
 52.651691436768, -2.0116138458252
 52.649765014648, -2.0127582550049
 52.648487091064, -2.0128154754639
 52.647018432617, -2.0131301879883
 52.64440536499, -2.0136451721191
 52.642784118652, -2.0130729675293
 52.641143798828, -2.0125007629395
 52.639904022217, -2.0120143890381
 52.638111114502, -2.0113563537598
 52.638111114502, -2.0113563537598
 52.638111114502, -2.0113563537598
 52.634105682373, -2.0094394683838
 52.634105682373, -2.0094394683838
 52.634105682373, -2.0094394683838
 52.634105682373, -2.0094394683838
 52.627544403076, -2.0041751861572
 52.625522613525, -2.0037460327148
 52.623176574707, -2.0034599304199
 52.62134552002, -2.0040607452393
 52.618255615234, -2.0042610168457
 52.615623474121, -2.0043182373047
 52.614078521729, -2.0041751861572
 52.612342834473, -2.0029163360596
 52.609462738037, -2.0009994506836
 52.607364654541, -1.9995975494385
 52.606468200684, -1.9989395141602
 52.599430084229, -1.9969940185547
 52.595520019531, -1.9944477081299
 52.593250274658, -1.9917583465576
 52.591228485107, -1.9896697998047
 52.589054107666, -1.9878387451172
 52.588348388672, -1.9847774505615
 52.588443756104, -1.9834327697754
 52.588634490967, -1.9818878173828
 52.588787078857, -1.9799709320068
 52.588958740234, -1.9789409637451
 52.588653564453, -1.9759941101074
 52.587451934814, -1.9771671295166
 52.585525512695, -1.97922706604
 52.585544586182, -1.9791984558105
 52.585468292236, -1.9792556762695
 52.585411071777, -1.9791984558105
 52.585468292236, -1.9793128967285
 52.585506439209, -1.9793128967285
 52.585525512695, -1.979341506958
 52.585506439209, -1.9792556762695
 52.585506439209, -1.9792556762695
 52.585506439209, -1.9792556762695
 52.585506439209, -1.9792556762695
 52.585506439209, -1.9792556762695
 52.585020046983, -1.9797933704932
 52.585020046983, -1.9797933704932
 52.585020046983, -1.9797933704932
 52.585020046983, -1.9797933704932
 52.585020046983, -1.9797933704932
 52.585020046983, -1.9797933704932
 52.585020046983, -1.9797933704932
 52.585020046983, -1.9797933704932
 52.585020046983, -1.9797933704932
 52.585020046983, -1.9797933704932
 52.585020046983, -1.9797933704932
 52.585506439209, -1.9792556762695
 52.58544921875, -1.97922706604
 52.584991455078, -1.9797134399414
 52.584476470947, -1.9817447662354
 52.586097717285, -1.9864940643311
 52.586269378662, -1.988353729248
 52.586517333984, -1.9911003112793
 52.58638381958, -1.9923305511475
 52.586269378662, -1.9936180114746
 52.586212158203, -1.9947338104248
 52.586326599121, -1.9968223571777
 52.586517333984, -1.9989967346191
 52.586784362793, -2.0022010803223
 52.587089538574, -2.0062351226807
 52.58716583252, -2.0071506500244
 52.583484649658, -2.0208263397217
 52.585144042969, -2.02317237854
 52.585868835449, -2.025089263916
 52.586326599121, -2.027006149292
 52.58716583252, -2.032642364502
 52.586688995361, -2.0354747772217
 52.586212158203, -2.0370769500732
 52.5852394104, -2.0388221740723
 52.585411071777, -2.0400810241699
 52.585830688477, -2.0422267913818
 52.585468292236, -2.0451736450195
 52.585105895996, -2.0486068725586
 52.583789825439, -2.050952911377
 52.583141326904, -2.0532417297363
 52.58321762085, -2.0569896697998
 52.583236694336, -2.0608520507812
 52.582950592041, -2.0649719238281
 52.582244873047, -2.0669460296631
 52.582969665527, -2.0687198638916
 52.583408355713, -2.0724391937256
 52.583961486816, -2.0755863189697
 52.583866119385, -2.0781898498535
 52.583694458008, -2.0797061920166
 52.583618164062, -2.085485458374
 52.583465576172, -2.0903205871582
 52.583332061768, -2.0933818817139
 52.583312988281, -2.096529006958
 52.583274841309, -2.0996189117432
 52.583351135254, -2.1030235290527
 52.583446502686, -2.1054840087891
 52.584018707275, -2.1089744567871
 52.584705352783, -2.1128082275391
 52.584896087646, -2.116813659668
 52.585010528564, -2.1185874938965
 52.583827972412, -2.1199893951416
 52.583160400391, -2.1215343475342
 52.584800720215, -2.1226501464844
 52.586402893066, -2.1230506896973
 52.58674621582, -2.1256828308105
 52.58602142334, -2.1283721923828
 52.583770751953, -2.1302032470703
 52.582778930664, -2.1336650848389
 52.581043243408, -2.1319770812988
 52.580757141113, -2.1273136138916
 52.579746246338, -2.1255397796631
 52.577877044678, -2.1247100830078
 52.575721740723, -2.123966217041
 52.573127746582, -2.1224498748779
 52.572212219238, -2.1205043792725
 52.571029663086, -2.1191024780273
 52.568511962891, -2.1174430847168
 52.566394805908, -2.1156692504883
 52.563934326172, -2.114782333374
 52.562007904053, -2.1127796173096
 52.562007904053, -2.1127796173096
 52.562007904053, -2.1127796173096
 52.556648254395, -2.1056270599365
 52.555561065674, -2.1027946472168
 52.55485534668, -2.1007061004639
 52.552490234375, -2.0973300933838
 52.550373077393, -2.0958709716797
 52.548198699951, -2.0943832397461
 52.546119689941, -2.092981338501
 52.543087005615, -2.090950012207
 52.541942596436, -2.0901489257812
 52.540302276611, -2.08909034729
 52.538623809814, -2.0885467529297
 52.535877227783, -2.0876026153564
 52.532939910889, -2.0865726470947
 52.53080368042, -2.0858573913574
 52.528476715088, -2.0849990844727
 52.526035308838, -2.0841121673584
 52.524127960205, -2.0801639556885
 52.521171569824, -2.0741558074951
 52.519779205322, -2.0741558074951
 52.519779205322, -2.0741558074951
 52.519779205322, -2.0741558074951
 52.519779205322, -2.0741558074951
 52.519779205322, -2.0741558074951
 52.523434191181, -2.0787802815795
 52.523256547522, -2.0788965668271
 52.523256547522, -2.0788965668271
 52.523214249323, -2.0788755168492
 52.523477762507, -2.0775648107263
 52.523596861128, -2.0766933291154
 52.523596861128, -2.0766933291154
 52.523596861128, -2.0766933291154
 52.523596861128, -2.0766933291154
 52.523596861128, -2.0766933291154
 52.522799667591, -2.0757371337749
 52.521808547418, -2.0757982222649
 52.521188568652, -2.0761850681812
 52.519683837891, -2.0740413665771
 52.519683837891, -2.0740413665771
 52.519702911377, -2.0740127563477
 52.519702911377, -2.0740699768066
 52.519721984863, -2.0740413665771
 52.519721984863, -2.0740413665771
 52.519683837891, -2.0740413665771
 52.519683837891, -2.0740413665771
 52.519359588623, -2.0739555358887
 52.519302368164, -2.0740413665771
 52.51708984375, -2.0738697052002
 52.516231536865, -2.0738983154297
 52.513427734375, -2.0720386505127
 52.513256072998, -2.0700931549072
 52.513256072998, -2.0700931549072
 52.513580322266, -2.0625400543213
 52.513580322266, -2.0625400543213
 52.503852844238, -2.0337867736816
 52.496223449707, -2.0191669464111
 52.502193450928, -2.0174217224121
 52.504024505615, -2.0162773132324
 52.505970001221, -2.01584815979
 52.507514953613, -2.01416015625
 52.509860992432, -2.0103549957275
 52.51106262207, -2.0076370239258
 52.512550354004, -2.004976272583
 52.514400482178, -2.0016574859619
 52.514877319336, -2.0004844665527
 52.515907287598, -1.9989967346191
 52.516746520996, -1.99782371521
 52.517395019531, -1.9954204559326
 52.516021728516, -1.9928741455078
 52.515735626221, -1.9906711578369
 52.516078948975, -1.9895267486572
 52.515258789062, -1.9881820678711
 52.513408660889, -1.9851207733154
 52.512245178223, -1.9824600219727
 52.512054443359, -1.9781684875488
 52.511787414551, -1.9739627838135
 52.500419616699, -1.9784259796143
 52.494220733643, -1.9691562652588
 52.493133544922, -1.96852684021
 52.490406036377, -1.9674396514893
 52.48851776123, -1.9655799865723
 52.48722076416, -1.962776184082
 52.486801147461, -1.9586849212646
 52.48706817627, -1.9545078277588
 52.487659454346, -1.9517040252686
 52.487754821777, -1.9491577148438
 52.487735748291, -1.9482707977295
 52.487392425537, -1.9462394714355
 52.486972808838, -1.9443798065186
 52.486572265625, -1.9424629211426
 52.486438751221, -1.9400310516357
 52.48664855957, -1.937313079834
 52.486896514893, -1.9326210021973
 52.486820220947, -1.9294452667236
 52.486381530762, -1.9261837005615
 52.485485076904, -1.9220924377441
 52.484741210938, -1.9188594818115
 52.483444213867, -1.9167709350586
 52.482299804688, -1.9129085540771
 52.481937408447, -1.9093036651611
 52.481307983398, -1.9069290161133
 52.481231689453, -1.9045543670654
 52.478103637695, -1.9038963317871
 52.475910186768, -1.9014072418213
 52.473793029785, -1.8994903564453
 52.472362518311, -1.8995475769043
 52.47034072876, -1.8997478485107
 52.468032836914, -1.900806427002
 52.465858459473, -1.9016933441162
 52.46337890625, -1.9034099578857
 52.461280822754, -1.9052696228027
 52.459564208984, -1.9067859649658
 52.45813369751, -1.908016204834
 52.45584487915, -1.9100189208984
 52.455635070801, -1.9095611572266
 52.455272674561, -1.9066143035889
 52.454795837402, -1.9030380249023
 52.45475769043, -1.9028949737549
 52.454109191895, -1.9027519226074
 52.453289031982, -1.9039535522461
 52.45325088501, -1.9040679931641
