 51.464786529541, -3.1645774841309
 51.464595794678, -3.1654644012451
 51.464557647705, -3.1684970855713
 51.464462280273, -3.1709289550781
 51.464710235596, -3.17307472229
 51.465263366699, -3.1747627258301
 51.465396881104, -3.1756210327148
 51.466026306152, -3.1774234771729
 51.467018127441, -3.1799411773682
 51.468181610107, -3.1823444366455
 51.4697265625, -3.1854057312012
 51.468887329102, -3.1880664825439
 51.467304229736, -3.1905841827393
 51.463260650635, -3.1939601898193
 51.457347869873, -3.198881149292
 51.443347930908, -3.2003402709961
 51.438655853271, -3.2056903839111
 51.438655853271, -3.2056903839111
 51.438655853271, -3.2056903839111
 51.438655853271, -3.2056903839111
 51.438655853271, -3.2056903839111
 51.43209, -3.2179
 51.431451731268, -3.2191238424267
 51.424789428711, -3.2179927825928
 51.414394378662, -3.2328128814697
 51.412353515625, -3.2380771636963
 51.411418914795, -3.2412815093994
 51.411781311035, -3.2436275482178
 51.411552429199, -3.2475185394287
 51.410522460938, -3.2498073577881
 51.410312652588, -3.2508945465088
 51.410293579102, -3.2538986206055
 51.408805847168, -3.2564735412598
 51.407661437988, -3.2592487335205
 51.406669616699, -3.262882232666
 51.406230926514, -3.2658576965332
 51.405792236328, -3.2683181762695
 51.404609680176, -3.2709789276123
 51.403274536133, -3.2732963562012
 51.402187347412, -3.2766723632812
 51.40115737915, -3.2796192169189
 51.399917602539, -3.2819938659668
 51.398830413818, -3.2835960388184
 51.39591217041, -3.2860565185547
 51.393814086914, -3.2854270935059
 51.394004821777, -3.2845115661621
 51.393413543701, -3.2811641693115
 51.39289855957, -3.2789039611816
 51.392059326172, -3.2756423950195
 51.392364501953, -3.2728672027588
 51.391143798828, -3.2722949981689
 51.391086578369, -3.2749843597412
 51.39196395874, -3.275842666626
 51.392936706543, -3.2791328430176
 51.393547058105, -3.2823085784912
 51.393871307373, -3.2858848571777
 51.394138336182, -3.2877445220947
 51.395320892334, -3.2882308959961
 51.395320892334, -3.2882308959961
 51.398105621338, -3.2885456085205
 51.399631500244, -3.288516998291
 51.40172958374, -3.2877731323242
 51.403160095215, -3.2854557037354
 51.405010223389, -3.2828235626221
 51.406230926514, -3.28125
 51.406230926514, -3.28125
 51.413478851318, -3.2834815979004
 51.415729522705, -3.2823657989502
 51.417407989502, -3.2834529876709
 51.418857574463, -3.2843112945557
 51.420936584473, -3.2807350158691
 51.422100067139, -3.2780742645264
 51.427440643311, -3.2618522644043
 51.442050933838, -3.2644271850586
 51.456527709961, -3.2662868499756
 51.465377807617, -3.2744407653809
 51.46577835083, -3.2742977142334
 51.466407775879, -3.2748985290527
 51.466445922852, -3.2748699188232
 51.466464996338, -3.2748985290527
 51.466445922852, -3.2748985290527
 51.466464996338, -3.2749271392822
 51.466445922852, -3.2748126983643
 51.466445922852, -3.2748985290527
 51.466484069824, -3.2748699188232
 51.466484069824, -3.2748699188232
 51.466484069824, -3.2748699188232
 51.466484069824, -3.2748699188232
 51.466484069824, -3.2748699188232
 51.466484069824, -3.2748699188232
 51.465091705322, -3.27392578125
 51.464996337891, -3.2734680175781
 51.467933654785, -3.273983001709
 51.496486663818, -3.2954978942871
 51.503601074219, -3.3076000213623
 51.51180267334, -3.295955657959
 51.523284912109, -3.2672309875488
 51.529121398926, -3.2509231567383
 51.55403137207, -3.2700634002686
 51.559734344482, -3.2674312591553
 51.569480895996, -3.2474613189697
 51.564540863037, -3.231782913208
 51.564693450928, -3.2312965393066
 51.566925048828, -3.2304096221924
 51.569900512695, -3.2290363311768
 51.570434570312, -3.2255744934082
 51.571178436279, -3.2217121124268
 51.572227478027, -3.2197093963623
 51.57413482666, -3.2202243804932
 51.574516296387, -3.2193374633789
 51.574974060059, -3.2181930541992
 51.575317382812, -3.2179927825928
 51.57527923584, -3.2179641723633
 51.575355529785, -3.2179069519043
 51.577167510986, -3.2176494598389
 51.578216552734, -3.2195663452148
 51.578216552734, -3.2221412658691
 51.57751083374, -3.2242584228516
 51.576557159424, -3.2265758514404
 51.575775146484, -3.2300662994385
 51.575374603271, -3.2321548461914
 51.574420928955, -3.2346725463867
 51.574039459229, -3.2352447509766
 51.569271087646, -3.2475757598877
 51.562538146973, -3.2612800598145
 51.559410095215, -3.2687759399414
 51.572971343994, -3.2833957672119
 51.5842628479, -3.3153820037842
 51.599903106689, -3.3327484130859
 51.600036621094, -3.341760635376
 51.600818634033, -3.3432197570801
 51.601581573486, -3.3428478240967
 51.603698730469, -3.3413028717041
 51.605186462402, -3.3392715454102
 51.604480743408, -3.3361530303955
 51.611385345459, -3.3270263671875
 51.630573272705, -3.3224487304688
 51.65018081665, -3.3172130584717
 51.661262512207, -3.3300304412842
 51.682186126709, -3.3420467376709
 51.702175140381, -3.3474540710449
 51.719856262207, -3.3658790588379
 51.737861633301, -3.3791542053223
 51.740303039551, -3.3789539337158
 51.742420196533, -3.3774662017822
 51.744289398193, -3.3758354187012
 51.746139526367, -3.37646484375
 51.74690246582, -3.3780384063721
 51.746921539307, -3.3779239654541
 51.746921539307, -3.3780097961426
 51.747055053711, -3.3779525756836
 51.746368408203, -3.3812999725342
 51.747379302979, -3.3839893341064
 51.74934387207, -3.3863067626953
 51.751365661621, -3.3892822265625
 51.75313949585, -3.3895111083984
 51.754550933838, -3.3917427062988
 51.758003234863, -3.3947467803955
 51.756324768066, -3.3903980255127
 51.75630569458, -3.3904552459717
 51.756362915039, -3.3904552459717
 51.756343841553, -3.3904552459717
 51.756458282471, -3.3904552459717
 51.756381988525, -3.3903980255127
 51.756362915039, -3.3903980255127
 51.756362915039, -3.3903980255127
 51.756362915039, -3.3903980255127
 51.756362915039, -3.3903980255127
 51.756362915039, -3.3903980255127
 51.756466140724, -3.3905336095796
 51.756466140724, -3.3905336095796
 51.756466140724, -3.3905336095796
 51.756466140724, -3.3905336095796
 51.756466140724, -3.3905336095796
 51.756466140724, -3.3905336095796
 51.756466140724, -3.3905336095796
 51.756466140724, -3.3905336095796
 51.756466140724, -3.3905336095796
 51.756466140724, -3.3905336095796
 51.756466140724, -3.3905336095796
 51.756466140724, -3.3905336095796
 51.756466140724, -3.3905336095796
 51.756343841553, -3.3904266357422
 51.757755279541, -3.392915725708
 51.760444641113, -3.40012550354
 51.759128570557, -3.41139793396
 51.756324768066, -3.4366893768311
 51.752052307129, -3.4671020507812
 51.738567352295, -3.4896469116211
 51.736793518066, -3.5163402557373
 51.741237640381, -3.5365676879883
 51.729640960693, -3.5529327392578
 51.722717285156, -3.5512161254883
 51.716785430908, -3.5518455505371
 51.716785430908, -3.5518455505371
 51.691570281982, -3.5474109649658
 51.67989730835, -3.5380268096924
 51.6774559021, -3.5401153564453
 51.675796508789, -3.5388851165771
 51.674938201904, -3.5369396209717
 51.673698425293, -3.5341930389404
 51.671257019043, -3.5298728942871
 51.66934967041, -3.5270118713379
 51.667709350586, -3.5242366790771
 51.667709350586, -3.5242366790771
 51.667709350586, -3.5242366790771
 51.667709350586, -3.5242366790771
 51.667709350586, -3.5242366790771
 51.66314, -3.51291
 51.66216, -3.51049
 51.65969, -3.50595
 51.65966, -3.50577
 51.65766, -3.50724
 51.65605, -3.50827
 51.65537, -3.51026
 51.655008752478, -3.5116354458437
 51.655008752478, -3.5116354458437
 51.629769451174, -3.5414375478928
 51.629769451174, -3.5414375478928
 51.629769451174, -3.5414375478928
 51.62803, -3.54145
 51.62672, -3.54101
 51.63459777832, -3.5406303405762
 51.629600524902, -3.5415172576904
 51.627540588379, -3.5412883758545
 51.625690460205, -3.5402584075928
 51.623554229736, -3.5379981994629
 51.62317276001, -3.5348224639893
 51.620445251465, -3.5358238220215
 51.619300842285, -3.5364532470703
 51.617908477783, -3.5361957550049
 51.616554260254, -3.5364246368408
 51.615295410156, -3.5371112823486
 51.610221862793, -3.5398864746094
 51.603832244873, -3.5407161712646
 51.6015625, -3.5413455963135
 51.599960327148, -3.5416030883789
 51.597595214844, -3.5409450531006
 51.595802307129, -3.5410308837891
 51.594085693359, -3.541202545166
 51.592864990234, -3.5407161712646
 51.579837799072, -3.5433769226074
 51.570167541504, -3.5394859313965
 51.559944152832, -3.5527038574219
 51.550712585449, -3.5645771026611
 51.550331115723, -3.56520652771
 51.549129486084, -3.5651206970215
 51.547031402588, -3.5662078857422
 51.5456199646, -3.5681533813477
 51.544437408447, -3.5701274871826
 51.543350219727, -3.5711574554443
 51.540985107422, -3.5727310180664
 51.533393859863, -3.5725879669189
 51.525650024414, -3.5702991485596
 51.512966156006, -3.5713005065918
 51.508388519287, -3.5768222808838
 51.50598526001, -3.5768222808838
 51.504287719727, -3.5768508911133
 51.50318145752, -3.5766220092773
 51.502170562744, -3.5769653320312
 51.502838134766, -3.5791969299316
 51.504211425781, -3.5806274414062
 51.506614685059, -3.5812854766846
 51.505928039551, -3.5840892791748
 51.505565643311, -3.5876369476318
 51.506004333496, -3.5903263092041
 51.506500244141, -3.5929584503174
 51.506500244141, -3.5929584503174
 51.506500244141, -3.5929584503174
 51.507511138916, -3.6044025421143
 51.50728225708, -3.6065769195557
 51.50728225708, -3.6066341400146
 51.507301330566, -3.6067199707031
 51.507263183594, -3.6066913604736
 51.507244110107, -3.6066913604736
 51.507263183594, -3.6066341400146
 51.507377624512, -3.607292175293
 51.507091522217, -3.6112976074219
 51.506576538086, -3.6147880554199
 51.505966186523, -3.6192512512207
 51.505756378174, -3.6238288879395
 51.505393981934, -3.6257457733154
 51.505222320557, -3.6427402496338
 51.51683807373, -3.6741828918457
 51.522521972656, -3.6893749237061
 51.524524688721, -3.6913204193115
 51.524524688721, -3.6913204193115
 51.530456542969, -3.6940670013428
 51.53169631958, -3.6941528320312
 51.53169631958, -3.6941528320312
 51.547679901123, -3.709659576416
 51.547679901123, -3.709659576416
 51.569194793701, -3.748083114624
 51.570472717285, -3.7514305114746
 51.571769714355, -3.7546920776367
 51.573390960693, -3.7569808959961
 51.57543182373, -3.7581825256348
 51.577281951904, -3.7600994110107
 51.578807830811, -3.7621593475342
 51.580219268799, -3.7642192840576
 51.582126617432, -3.7669372558594
 51.583976745605, -3.7687110900879
 51.585559844971, -3.7709426879883
 51.586761474609, -3.7730884552002
 51.588687896729, -3.7761211395264
 51.590766906738, -3.7782382965088
 51.59252166748, -3.7813282012939
 51.594791412354, -3.7850189208984
 51.601848602295, -3.795804977417
 51.617240905762, -3.8101100921631
 51.625900268555, -3.8199520111084
 51.625900268555, -3.8199520111084
 51.625900268555, -3.8199520111084
 51.625900268555, -3.8199520111084
 51.625900268555, -3.8199520111084
 51.645485031622, -3.8181346564187
 51.64776289971, -3.8184082908723
 51.649084541314, -3.8183335856783
 51.650652069729, -3.8166546398029
 51.651652692442, -3.8149616066624
 51.650257110596, -3.8171768188477
 51.651401519775, -3.8152885437012
 51.653175354004, -3.8116550445557
 51.654567718506, -3.8094234466553
 51.655788421631, -3.8072776794434
 51.658210754395, -3.8057899475098
 51.659984588623, -3.8062191009521
 51.66166305542, -3.8064765930176
 51.664562225342, -3.806619644165
 51.665954589844, -3.8074493408203
 51.667346954346, -3.8091087341309
 51.665287017822, -3.8108539581299
 51.664428710938, -3.8125705718994
 51.663570404053, -3.8155460357666
 51.660499572754, -3.8152027130127
 51.652793884277, -3.8410663604736
 51.639728546143, -3.8477325439453
 51.639728546143, -3.8477325439453
 51.622180938721, -3.8698196411133
 51.621360778809, -3.902063369751
 51.620559692383, -3.9263248443604
 51.62052154541, -3.9299297332764
 51.620063781738, -3.9315032958984
 51.621475219727, -3.9360237121582
 51.621475219727, -3.9360523223877
 51.621513366699, -3.9360523223877
 51.61994934082, -3.9375114440918
 51.618518829346, -3.9379405975342
 51.617851257324, -3.9389705657959
 51.617565155029, -3.9405155181885
 51.618385314941, -3.9414310455322
 51.619453430176, -3.9423179626465
 51.621513366699, -3.9424324035645
 51.621360778809, -3.9442348480225
 51.620388031006, -3.9470672607422
 51.619758605957, -3.9488697052002
 51.618938446045, -3.9511299133301
 51.617984771729, -3.9531898498535
 51.617298126221, -3.9547634124756
 51.616497039795, -3.9564514160156
 51.615505218506, -3.9573955535889
 51.61434173584, -3.9581680297852
 51.613426208496, -3.9598274230957
 51.612777709961, -3.9611148834229
 51.611919403076, -3.9637756347656
 51.611652374268, -3.9667797088623
 51.610546112061, -3.9700698852539
 51.609115600586, -3.9740467071533
 51.607933044434, -3.9774799346924
 51.606922149658, -3.9802265167236
 51.605548858643, -3.9839172363281
