 53.360432855507, -6.2499322988064
 53.360432855507, -6.2499322988064
 53.360432855507, -6.2499322988064
 53.360432855507, -6.2499322988064
 53.359558778716, -6.250469448052
 53.359558778716, -6.250469448052
 53.359558778716, -6.250469448052
 53.360017867088, -6.2526907249312
 53.360017867088, -6.2526907249312
 53.360017867088, -6.2526907249312
 53.360790878766, -6.2522319758891
 53.360790878766, -6.2522319758891
 53.360897830907, -6.252640348473
 53.360897830907, -6.252640348473
 53.360889, -6.25265
 53.36084, -6.25327
 53.358398, -6.25459
 53.359001, -6.25827
 53.357552, -6.25711
 53.359081, -6.25793
 53.357552, -6.25711
 53.356892, -6.25894
 53.35675, -6.2591
 53.354462, -6.26342
 53.353549656236, -6.2645657881483
 53.352612, -6.26132
 53.352612, -6.26132
 53.352612, -6.26132
 53.352612, -6.26132
 53.352612, -6.26132
 53.352612, -6.26132
 53.348289, -6.25153
 53.348289, -6.25153
 53.347931, -6.24614
 53.350899, -6.24561
 53.350899, -6.24561
 53.350632687423, -6.2412822035474
 53.349979, -6.24079
 53.346241, -6.24136
 53.346149, -6.24034
 53.346149, -6.24034
 53.339748, -6.24171
 53.339748, -6.24171
 53.340988, -6.24489
 53.339741, -6.24667
 53.339458, -6.24639
 53.339458, -6.24639
 53.332611, -6.25314
 53.332611, -6.25314
 53.331951, -6.25265
 53.331951, -6.25265
 53.330318, -6.26002
 53.330051, -6.26157
 53.330051, -6.26157
 53.32951, -6.27222
 53.32951, -6.27222
 53.329468, -6.275452
 53.330799, -6.27526
 53.333, -6.27528
 53.334129, -6.27485
 53.33691, -6.27285
 53.337978, -6.27254
 53.34029, -6.27231
 53.342201, -6.27233
 53.343281, -6.27029
 53.344139, -6.26709
 53.344189, -6.26441
 53.34449, -6.25999
 53.343342, -6.25926
 53.342904823109, -6.2577490221553
 53.341836666659, -6.2527662153379
 53.34117981687, -6.2507795013657
 53.339076893095, -6.252578809715
 53.338133712405, -6.2534037393768
 53.338133712405, -6.2534037393768
 53.338133712405, -6.2534037393768
 53.338133712405, -6.2534037393768
 53.339522037785, -6.2586822974164
 53.34029583263, -6.258211044218
 53.34029583263, -6.258211044218
 53.34029583263, -6.258211044218
 53.34029583263, -6.258211044218
 53.34029583263, -6.258211044218
 53.34029583263, -6.258211044218
 53.34029583263, -6.258211044218
 53.34029583263, -6.258211044218
 53.34029583263, -6.258211044218
 53.34029583263, -6.258211044218
 53.34029583263, -6.258211044218
 53.34029583263, -6.258211044218
 53.34029583263, -6.258211044218
 53.34029583263, -6.258211044218
 53.34029583263, -6.258211044218
 53.34029583263, -6.258211044218
 53.34029583263, -6.258211044218
 53.34029583263, -6.258211044218
 53.34029583263, -6.258211044218
 53.34029583263, -6.258211044218
 53.34029583263, -6.258211044218
 53.34029583263, -6.258211044218
 53.34029583263, -6.258211044218
 53.34029583263, -6.258211044218
 53.34029583263, -6.258211044218
 53.34029583263, -6.258211044218
 53.34029583263, -6.258211044218
 53.34029583263, -6.258211044218
 53.34029583263, -6.258211044218
 53.34029583263, -6.258211044218
 53.34029583263, -6.258211044218
 54.177582, -6.337282
 54.177582, -6.337282
 54.177582, -6.337282
 54.177582, -6.337282
 54.177582, -6.337282
 54.177582, -6.337282
 54.177582, -6.337282
 54.177582, -6.337282
 54.177582, -6.337282
 54.177582, -6.337282
 54.177582, -6.337282
 54.177582, -6.337282
 54.177582, -6.337282
 54.177582, -6.337282
 54.177582, -6.337282
 54.177582, -6.337282
 54.177582, -6.337282
 54.177582, -6.337282
 54.177582, -6.337282
 54.177582, -6.337282
 54.177582, -6.337282
 54.177582, -6.337282
 54.177582, -6.337282
 54.177582, -6.337282
 54.177582, -6.337282
 54.177582, -6.337282
 54.177892105882, -6.336852081308
 54.177299, -6.337164
 54.175156, -6.338033
 54.173698, -6.339777
 54.173973, -6.341418
 54.17662, -6.339648
 54.148864746094, -6.3450336456299
 54.153175354004, -6.3460922241211
 54.159240722656, -6.3457775115967
 54.165840148926, -6.3440895080566
 54.169864654541, -6.3416004180908
 54.172687530518, -6.340913772583
 54.175682067871, -6.3402271270752
 54.177837371826, -6.3364791870117
 54.177837371826, -6.3365077972412
 54.177837371826, -6.3365077972412
 54.177837371826, -6.3364791870117
 54.177837371826, -6.3365077972412
 54.177093505859, -6.3372230529785
 54.174900054932, -6.3381671905518
 54.173603057861, -6.3399696350098
 54.174041748047, -6.3411712646484
 54.176082611084, -6.3398551940918
 54.177417755127, -6.338996887207
 54.178352355957, -6.3383102416992
 54.1796875, -6.3375377655029
 54.507809, -6.047507
 54.507809, -6.047507
 54.507809, -6.047507
 54.507809, -6.047507
 54.507809, -6.047507
 54.190864562988, -6.3350200653076
 54.192695617676, -6.3346195220947
 54.195785522461, -6.3332462310791
 54.20166015625, -6.330099105835
 54.217300415039, -6.3316440582275
 54.217300415039, -6.3316440582275
 54.257774353027, -6.3179683685303
 54.270248413086, -6.3108158111572
 54.308757781982, -6.2983703613281
 54.330539703369, -6.2852954864502
 54.345626831055, -6.2505912780762
 54.363842010498, -6.2239265441895
 54.380226135254, -6.1896228790283
 54.403190612793, -6.1707401275635
 54.420642852783, -6.141300201416
 54.436798095703, -6.1252784729004
 54.45707321167, -6.1019325256348
 54.47380065918, -6.0761260986328
 54.491004943848, -6.0628223419189
 54.499492645264, -6.051721572876
 54.507713317871, -6.0475444793701
 54.509582519531, -6.048002243042
 54.511489868164, -6.0478019714355
 54.51171875, -6.0430526733398
 54.511623382568, -6.0417938232422
 54.514045715332, -6.0372447967529
 54.513931274414, -6.0365867614746
 54.511451721191, -6.0361862182617
 54.511089324951, -6.0341262817383
 54.511013031006, -6.0341548919678
 54.511013031006, -6.0341262817383
 54.511013031006, -6.0341262817383
 54.511032104492, -6.0340976715088
 54.511032104492, -6.0340976715088
 54.511032104492, -6.0340976715088
 54.511032104492, -6.0340976715088
 54.511032104492, -6.0340976715088
 54.511032104492, -6.0340976715088
 54.51149, -6.034133
 54.51149, -6.034133
 54.511013031006, -6.0341548919678
 54.51099395752, -6.0341548919678
 54.510955810547, -6.0340976715088
 54.51099395752, -6.0340690612793
 54.511184692383, -6.0347843170166
 54.511241912842, -6.0347843170166
 54.511184692383, -6.0347557067871
 54.510478973389, -6.0362720489502
 54.510192871094, -6.0340118408203
 54.509372711182, -6.0332107543945
 54.509429931641, -6.0367584228516
 54.506187438965, -6.0379314422607
 54.504489898682, -6.0390758514404
 54.504489898682, -6.0390758514404
 54.504489898682, -6.0390758514404
 54.504489898682, -6.0390758514404
 54.504489898682, -6.0390758514404
 54.497337341309, -6.0511779785156
 54.495182037354, -6.0539245605469
 54.492816925049, -6.0576152801514
 54.494514465332, -6.0568141937256
 54.505882263184, -6.0286045074463
 54.525299072266, -6.0037708282471
 54.549903869629, -5.9963607788086
 54.572200775146, -5.9807395935059
 54.589710235596, -5.9572505950928
 54.593658447266, -5.9435749053955
 54.602909088135, -5.9383964538574
 54.605560302734, -5.932559967041
 54.603996276855, -5.9291553497314
 54.604167938232, -5.929126739502
 54.604091644287, -5.9291553497314
 54.604072570801, -5.9292411804199
 54.604034423828, -5.9291839599609
 54.604072570801, -5.9292411804199
 54.604072570801, -5.9292125701904
 54.60412979126, -5.929126739502
 54.604568481445, -5.9289264678955
 54.604549407959, -5.929012298584
 54.607028961182, -5.9264659881592
 54.611015319824, -5.9262657165527
 54.612979888916, -5.9314441680908
 54.614353179932, -5.9351348876953
 54.614906311035, -5.9370803833008
 54.614219665527, -5.9382820129395
 54.614353179932, -5.9421157836914
 54.612293243408, -5.9428596496582
 54.610977172852, -5.9442901611328
 54.609031677246, -5.9458351135254
 54.606494903564, -5.9466934204102
 54.603996276855, -5.9476947784424
 54.604072570801, -5.9498977661133
 54.604377746582, -5.9542179107666
 54.604110717773, -5.9585094451904
 54.602603912354, -5.960054397583
 54.600429534912, -5.9610271453857
 54.599475860596, -5.9600830078125
 54.597320556641, -5.9580230712891
 54.596099853516, -5.9559345245361
 54.595146179199, -5.9511280059814
 54.595260620117, -5.9477519989014
 54.595355987549, -5.9453201293945
 54.595470428467, -5.9437465667725
 54.595546722412, -5.9418869018555
 54.59566116333, -5.9379959106445
 54.595718383789, -5.9368515014648
 54.59508895874, -5.9341049194336
 54.592628479004, -5.9319877624512
 54.59285736084, -5.929069519043
 54.592132568359, -5.9264373779297
 54.593524932861, -5.9249496459961
 54.59415435791, -5.9245204925537
 54.595508575439, -5.923490524292
 54.595508575439, -5.9185981750488
 54.595756530762, -5.9164810180664
 54.595832824707, -5.9139919281006
 54.595928192139, -5.9106731414795
 54.595527648926, -5.9073829650879
 54.595165252686, -5.905122756958
 54.595470428467, -5.901346206665
 54.595928192139, -5.8997440338135
 54.596710205078, -5.8968544006348
 54.597320556641, -5.8946228027344
 54.598178863525, -5.8934783935547
 54.598731994629, -5.8971691131592
 54.598770141602, -5.8972835540771
 54.59939956665, -5.9029197692871
 54.599533081055, -5.9040069580078
 54.60018157959, -5.9102725982666
 54.599990844727, -5.9119319915771
 54.599895477295, -5.9145927429199
 54.599666595459, -5.9195995330811
 54.599494934082, -5.921630859375
 54.598255157471, -5.921688079834
 54.59753036499, -5.9228610992432
 54.597511291504, -5.925178527832
 54.59753036499, -5.9252071380615
 54.597492218018, -5.925464630127
 54.597415924072, -5.927267074585
 54.596672058105, -5.9276103973389
