 56.33960723877, -2.7919006347656
 56.339263916016, -2.7963352203369
 56.340045928955, -2.7987670898438
 56.338634490967, -2.8012847900391
 56.338443756104, -2.8045177459717
 56.337471008301, -2.8076934814453
 56.336288452148, -2.810583114624
 56.335620880127, -2.8129863739014
 56.335258483887, -2.8229999542236
 56.332759857178, -2.849178314209
 56.332759857178, -2.849178314209
 56.332759857178, -2.849178314209
 56.316318511963, -2.9330635070801
 56.316318511963, -2.9330635070801
 56.315402984619, -2.9835891723633
 56.320171356201, -3.0048751831055
 56.319274902344, -3.015604019165
 56.317195892334, -3.0385494232178
 56.308670043945, -3.0711936950684
 56.304893493652, -3.0877876281738
 56.304893493652, -3.0877876281738
 56.304893493652, -3.0877876281738
 56.293678283691, -3.211784362793
 56.289939880371, -3.2367038726807
 56.282997131348, -3.2646560668945
 56.273365020752, -3.3010196685791
 56.266002655029, -3.3284568786621
 56.251564025879, -3.3614730834961
 56.236610412598, -3.3945465087891
 56.23010635376, -3.4081363677979
 56.227836608887, -3.4140872955322
 56.227264404297, -3.4166622161865
 56.226768493652, -3.4198665618896
 56.225128173828, -3.4214973449707
 56.223773956299, -3.4227561950684
 56.222553253174, -3.4238719940186
 56.221179962158, -3.4247016906738
 56.219940185547, -3.4252452850342
 56.218166351318, -3.4261322021484
 56.216430664062, -3.4266471862793
 56.213283538818, -3.4266757965088
 56.211433410645, -3.425874710083
 56.210708618164, -3.4294509887695
 56.209850311279, -3.4328842163086
 56.208000183105, -3.4332275390625
 56.2082862854, -3.4381198883057
 56.204223632812, -3.4716796875
 56.196346282959, -3.5139083862305
 56.186637878418, -3.5477828979492
 56.184749603271, -3.5524463653564
 56.18480682373, -3.5551643371582
 56.184635162354, -3.557825088501
 56.183853149414, -3.5610580444336
 56.182270050049, -3.5638332366943
 56.179885864258, -3.5714149475098
 56.179885864258, -3.5714149475098
 56.179885864258, -3.5714149475098
 56.151084899902, -3.6393356323242
 56.134815216064, -3.6542129516602
 56.126594543457, -3.6849117279053
 56.11291885376, -3.7063121795654
 56.100559234619, -3.720531463623
 56.113681793213, -3.7539482116699
 56.115608215332, -3.7741184234619
 56.116027832031, -3.7792110443115
 56.116313934326, -3.7835597991943
 56.116619110107, -3.7877368927002
 56.117343902588, -3.7911415100098
 56.116275787354, -3.795862197876
 56.117534637451, -3.7991809844971
 56.123065948486, -3.8219833374023
 56.126556396484, -3.8381767272949
 56.134986877441, -3.8751125335693
 56.133689880371, -3.9077281951904
 56.140251159668, -3.9262962341309
 56.141014099121, -3.9272975921631
 56.140975952148, -3.9272975921631
 56.140956878662, -3.9273834228516
 56.140956878662, -3.9273834228516
 56.140975952148, -3.9273834228516
 56.140747070312, -3.9272403717041
 56.140689849854, -3.9270973205566
 56.140193939209, -3.9270687103271
 56.141757965088, -3.9264678955078
 56.143856048584, -3.9271831512451
 56.146106719971, -3.9282989501953
 56.14782333374, -3.9295291900635
 56.149845123291, -3.9323043823242
 56.151676177979, -3.935022354126
 56.152534484863, -3.9382266998291
 56.153163909912, -3.940544128418
 56.15385055542, -3.9432907104492
 56.154518127441, -3.9459228515625
 56.155166625977, -3.9485836029053
 56.156044006348, -3.9519596099854
 56.157054901123, -3.956823348999
 56.169700622559, -3.9699268341064
 56.18350982666, -3.9653491973877
 56.186428070068, -3.9636611938477
 56.188507080078, -3.9639472961426
 56.18766784668, -3.9594554901123
 56.186027526855, -3.9626884460449
 56.184310913086, -3.9644336700439
 56.171798706055, -3.9678955078125
 56.157264709473, -3.9573097229004
 56.155052185059, -3.9480686187744
 56.151218414307, -3.9483833312988
 56.155300140381, -3.9490985870361
 56.165790557861, -3.9694118499756
 56.152420043945, -3.966007232666
 56.132793426514, -3.966236114502
 56.121826171875, -3.9519882202148
 56.118907928467, -3.9471244812012
 56.118049621582, -3.9430904388428
 56.118125915527, -3.9392280578613
 56.119499206543, -3.9411163330078
 56.12024307251, -3.9428329467773
 56.120643615723, -3.9437484741211
 56.121025085449, -3.9440059661865
 56.121482849121, -3.944091796875
 56.121845245361, -3.9441204071045
 56.123065948486, -3.9451789855957
 56.123027801514, -3.9451217651367
 56.123046875, -3.9451503753662
 56.122989654541, -3.9451503753662
 56.124820709229, -3.9473819732666
 56.125812530518, -3.9484119415283
 56.12585067749, -3.9483833312988
 56.123104095459, -3.9523029327393
 56.117610931396, -3.9407444000244
 56.116981506348, -3.9379119873047
 56.114139556885, -3.9382553100586
 56.111850738525, -3.938512802124
 56.109008789062, -3.9395141601562
 56.107158660889, -3.9405155181885
 56.105098724365, -3.9402866363525
 56.100635528564, -3.9389705657959
 56.089458465576, -3.931303024292
 56.077632904053, -3.9187717437744
 56.059741973877, -3.9238357543945
 56.035213470459, -3.9213466644287
 56.009769439697, -3.9191722869873
 55.99437713623, -3.9397716522217
 55.974063873291, -3.9545917510986
 55.957641601562, -3.9890098571777
 55.943260192871, -4.0122699737549
 55.944023132324, -4.0223693847656
 55.938854217529, -4.0026569366455
 55.940055847168, -3.9965057373047
 55.942001342773, -3.9937591552734
 55.94367980957, -3.9907264709473
 55.945320129395, -3.9871788024902
 55.946388244629, -3.9846611022949
 55.947132110596, -3.9834880828857
 55.948085784912, -3.9825439453125
 55.949058532715, -3.9816284179688
 55.950298309326, -3.9802837371826
 55.952014923096, -3.9780807495117
 55.953941345215, -3.9798259735107
 55.967140197754, -3.9746189117432
 55.97972869873, -3.9449501037598
 55.998439788818, -3.9270114898682
 56.00866317749, -3.8862991333008
 56.025886535645, -3.8613796234131
 56.030025482178, -3.8423824310303
 56.030006408691, -3.8382339477539
 56.027870178223, -3.8365745544434
 56.026039123535, -3.8347148895264
 56.024284362793, -3.8328838348389
 56.022872924805, -3.8313102722168
 56.020984649658, -3.8315391540527
 56.01993560791, -3.8342571258545
 56.016693115234, -3.8311100006104
 56.01053237915, -3.8201522827148
 56.008319854736, -3.8179779052734
 56.006603240967, -3.8163185119629
 56.004886627197, -3.8157749176025
 56.003551483154, -3.8134288787842
 56.003036499023, -3.8113117218018
 56.002559661865, -3.8078498840332
 56.002368927002, -3.8047885894775
 56.001148223877, -3.8063049316406
 56.000385284424, -3.8114547729492
 55.999336242676, -3.8152027130127
 55.997791290283, -3.8304805755615
 55.998382568359, -3.8356590270996
 55.99925994873, -3.8400650024414
 55.999240875244, -3.8400077819824
 55.99925994873, -3.8400077819824
 55.99925994873, -3.8400077819824
 55.999240875244, -3.8400077819824
 55.99925994873, -3.8400363922119
 55.99925994873, -3.8400650024414
 55.999240875244, -3.8400650024414
 55.99925994873, -3.8400650024414
 55.99925994873, -3.8400650024414
 55.99925994873, -3.8400650024414
 55.999279022217, -3.8400363922119
 55.999279022217, -3.8400363922119
 55.999298095703, -3.8400363922119
 55.999374389648, -3.8387203216553
 55.999279022217, -3.8385486602783
 55.999298095703, -3.8385772705078
 55.999298095703, -3.8385772705078
 55.99925994873, -3.8385486602783
 55.999240875244, -3.8385200500488
 55.99925994873, -3.8385772705078
 55.999279022217, -3.8385772705078
 55.998954772949, -3.837947845459
 55.997562408447, -3.8337993621826
 55.997581481934, -3.8322257995605
 55.999603271484, -3.8144874572754
 56.000728607178, -3.8094234466553
 56.001014709473, -3.8066482543945
 56.002044677734, -3.8043594360352
 56.001873016357, -3.8009548187256
 56.001453399658, -3.7982082366943
 56.000919342041, -3.795862197876
 56.000347137451, -3.7919425964355
 56.000308990479, -3.7896537780762
 55.999603271484, -3.7881088256836
 55.998630523682, -3.7881660461426
 55.996913909912, -3.7875080108643
 55.997047424316, -3.7825584411621
 55.997409820557, -3.7793254852295
 55.998191833496, -3.7763786315918
 55.999755859375, -3.7747764587402
 56.000995635986, -3.7757778167725
 56.002292633057, -3.771800994873
 56.003589630127, -3.7688541412354
 56.004467010498, -3.7656211853027
 56.005096435547, -3.7613010406494
 56.00622177124, -3.7567520141602
 56.007099151611, -3.7541198730469
 56.012916564941, -3.7447643280029
 56.020774841309, -3.7497425079346
 56.026706695557, -3.7528610229492
 56.029472351074, -3.753776550293
 56.031360626221, -3.7547206878662
 56.032199859619, -3.7549495697021
 56.04341506958, -3.7568950653076
 56.054782867432, -3.7538051605225
 56.064033508301, -3.7309741973877
 56.063709259033, -3.7033367156982
 56.063823699951, -3.6741828918457
 56.066093444824, -3.638162612915
 56.064281463623, -3.6002254486084
 56.062526702881, -3.5564517974854
 56.059589385986, -3.5411739349365
 56.059722900391, -3.5373401641846
 56.059722900391, -3.5373401641846
 56.059722900391, -3.5373401641846
 56.060276031494, -3.5294723510742
 56.060771942139, -3.5260391235352
 56.062545776367, -3.5067844390869
 56.062774658203, -3.5036373138428
 56.063404083252, -3.4993743896484
 56.063652038574, -3.4970855712891
 56.064014434814, -3.4948825836182
 56.064414978027, -3.4923934936523
 56.064605712891, -3.4912490844727
 56.070709228516, -3.4759712219238
 56.071243286133, -3.4729957580566
 56.071968078613, -3.4687042236328
 56.07250213623, -3.4653568267822
 56.072998046875, -3.462553024292
 56.073055267334, -3.4580898284912
 56.073055267334, -3.4530544281006
 56.070804595947, -3.4515953063965
 56.068325042725, -3.453369140625
 56.068325042725, -3.453369140625
 56.068325042725, -3.453369140625
 56.068325042725, -3.453369140625
 56.068325042725, -3.453369140625
 56.003084, -3.404131
 56.058864593506, -3.442211151123
 56.058139801025, -3.4416675567627
 56.056308746338, -3.4397792816162
 56.054725646973, -3.4371185302734
 56.053600311279, -3.4352588653564
 56.050796508789, -3.4319114685059
 56.049118041992, -3.4306526184082
 56.045055389404, -3.4089660644531
 56.034145355225, -3.4087371826172
 56.020011901855, -3.4057331085205
 56.008834838867, -3.4035587310791
 55.993270874023, -3.4043598175049
 55.984477996826, -3.4120273590088
 55.989360809326, -3.4103679656982
 55.991039276123, -3.4096813201904
 55.993671417236, -3.4238719940186
 55.99458694458, -3.4438419342041
 55.995578765869, -3.4524250030518
 55.995674133301, -3.4579181671143
 55.995483398438, -3.460693359375
 55.996246337891, -3.4607219696045
 55.996208190918, -3.4606075286865
 55.996227264404, -3.460693359375
 55.996189117432, -3.460693359375
 55.996208190918, -3.460693359375
 55.995769500732, -3.459005355835
 55.995655059814, -3.4579467773438
 55.995788574219, -3.453197479248
 55.99536895752, -3.4516525268555
 55.993766784668, -3.4378051757812
 55.992298126221, -3.4176063537598
 55.989875793457, -3.4056758880615
 55.985279083252, -3.4269332885742
 55.983295440674, -3.457202911377
 55.973415374756, -3.4563446044922
 55.9596824646, -3.4553146362305
 55.953502655029, -3.4623241424561
 55.945472717285, -3.4734535217285
 55.939655303955, -3.4706497192383
 55.939655303955, -3.4706497192383
 55.939655303955, -3.4706497192383
 55.939655303955, -3.4706497192383
 55.934314727783, -3.4621810913086
 55.934371948242, -3.4597206115723
 55.934371948242, -3.4597206115723
 55.937728881836, -3.4305381774902
 55.939388275146, -3.4027004241943
 55.938034057617, -3.3698272705078
 55.937118530273, -3.334436416626
 55.938873291016, -3.3215618133545
 55.923404693604, -3.3090019226074
 55.921592712402, -3.2953262329102
 55.924434661865, -3.2785034179688
 55.929584503174, -3.2622814178467
 55.930099487305, -3.2558441162109
 55.931072235107, -3.2525539398193
 55.929126739502, -3.2490062713623
 55.927791595459, -3.2461166381836
 55.925884246826, -3.2480049133301
 55.925006866455, -3.248176574707
 55.9250831604, -3.2482051849365
 55.925064086914, -3.248233795166
 55.926513671875, -3.2468032836914
 55.926837921143, -3.2438564300537
 55.928745269775, -3.240966796875
 55.930252075195, -3.2391357421875
 55.932102203369, -3.2368755340576
 55.933418273926, -3.2348728179932
 55.934352874756, -3.2313537597656
 55.932941436768, -3.2291507720947
 55.931339263916, -3.2266044616699
 55.930156707764, -3.22434425354
 55.931034088135, -3.2190799713135
 55.932159423828, -3.21533203125
 55.934162139893, -3.2101535797119
 55.935611724854, -3.209924697876
 55.937213897705, -3.2068634033203
 55.938739776611, -3.2050037384033
 55.941867828369, -3.2033443450928
 55.944175720215, -3.2028007507324
 55.9450340271, -3.1993961334229
 55.944957733154, -3.1937026977539
 55.945720672607, -3.1911849975586
 55.947284698486, -3.191499710083
 55.949306488037, -3.1927871704102
 55.949363708496, -3.1929588317871
 55.949401855469, -3.1927013397217
 55.949363708496, -3.1927013397217
 55.949382781982, -3.1927013397217
 55.94934463501, -3.1926727294922
 55.949382781982, -3.1926727294922
 55.949363708496, -3.1926727294922
 55.949382781982, -3.1927299499512
 55.949363708496, -3.1939888000488
 55.948944091797, -3.1944179534912
