 51.482223, -0.0046826
 51.482223, -0.0046826
 51.483135223389, -0.0058650970458984
 51.483135223389, -0.0058364868164062
 51.483154296875, -0.0059223175048828
 51.482124328613, -0.0088405609130859
 51.481971740723, -0.0086402893066406
 51.481990814209, -0.008697509765625
 51.482849121094, -0.0030899047851562
 51.484622955322, 0.0028610229492188
 51.485118865967, 0.0045490264892578
 51.486206054688, 0.011501312255859
 51.486148834229, 0.013504028320312
 51.486225128174, 0.015506744384766
 51.483764648438, 0.01988410949707
 51.482219696045, 0.019969940185547
 51.480693817139, 0.019798278808594
 51.477508544922, 0.019941329956055
 51.474552154541, 0.016794204711914
 51.473369598389, 0.022058486938477
 51.469268798828, 0.024490356445312
 51.46785736084, 0.025148391723633
 51.466655731201, 0.027236938476562
 51.46598815918, 0.029840469360352
 51.4621925354, 0.039224624633789
 51.461601257324, 0.040769577026367
 51.460285186768, 0.045976638793945
 51.459941864014, 0.049667358398438
 51.45544052124, 0.051126480102539
 51.450805664062, 0.056848526000977
 51.450862884521, 0.059366226196289
 51.451034545898, 0.062570571899414
 51.45336151123, 0.061626434326172
 51.454563140869, 0.060825347900391
 51.456604003906, 0.059480667114258
 51.457710266113, 0.059080123901367
 51.462173461914, 0.05742073059082
 51.466693878174, 0.054531097412109
 51.467742919922, 0.053071975708008
 51.471576690674, 0.055103302001953
 51.473121643066, 0.055446624755859
 51.475524902344, 0.056734085083008
 51.479549407959, 0.059795379638672
 51.480293273926, 0.0604248046875
 51.482181549072, 0.061740875244141
 51.483173370361, 0.062112808227539
 51.486549377441, 0.06317138671875
 51.48832321167, 0.062856674194336
 51.489353179932, 0.064888000488281
 51.490039825439, 0.066604614257812
 51.489753723145, 0.068149566650391
 51.491203308105, 0.070009231567383
 51.494274139404, 0.061168670654297
 51.49507522583, 0.061225891113281
 51.495151519775, 0.06134033203125
 51.495151519775, 0.061311721801758
 51.495151519775, 0.061311721801758
 51.495167, 0.061696
 51.495167, 0.061696
 51.495167, 0.061696
 51.496052, 0.064046
 51.497025, 0.063804
 51.497757, 0.062581
 51.499309539795, 0.063657760620117
 51.500034332275, 0.063915252685547
 51.500473022461, 0.067777633666992
 51.500911712646, 0.069093704223633
 51.50239944458, 0.070123672485352
 51.504383087158, 0.071096420288086
 51.507320404053, 0.070610046386719
 51.5087890625, 0.069780349731445
 51.510620117188, 0.069065093994141
 51.511459350586, 0.067920684814453
 51.512012481689, 0.064630508422852
 51.512813568115, 0.061769485473633
 51.514663696289, 0.060625076293945
 51.517677307129, 0.060052871704102
 51.519603729248, 0.059366226196289
 51.521682739258, 0.058135986328125
 51.523475646973, 0.057363510131836
 51.527156829834, 0.056333541870117
 51.529140472412, 0.056047439575195
 51.529331207275, 0.056076049804688
 51.529159545898, 0.056076049804688
 51.529197692871, 0.056076049804688
 51.529235839844, 0.056047439575195
 51.529235839844, 0.056018829345703
 51.529235839844, 0.056018829345703
 51.529235839844, 0.056018829345703
 51.543131675217, 0.00085451072453946
 51.543131675217, 0.00085451072453946
 51.543131675217, 0.00085451072453946
 51.543131675217, 0.00085451072453946
 51.543131675217, 0.00085451072453946
 51.543121, 0.00082
 51.543121, 0.00082
 51.543121, 0.00082
 51.543121, 0.00082
 51.529197692871, 0.055961608886719
 51.52925491333, 0.055932998657227
 51.529521942139, 0.055961608886719
 51.530685424805, 0.055675506591797
 51.533355712891, 0.053930282592773
 51.536064147949, 0.052385330200195
 51.54016494751, 0.050325393676758
 51.539936065674, 0.047950744628906
 51.53902053833, 0.044660568237305
 51.538410186768, 0.04277229309082
 51.537113189697, 0.038795471191406
 51.537075042725, 0.036735534667969
 51.537742614746, 0.034074783325195
 51.538906097412, 0.033102035522461
 51.540756225586, 0.032587051391602
 51.542644500732, 0.032472610473633
 51.544666290283, 0.031843185424805
 51.546688079834, 0.028352737426758
 51.546497344971, 0.026006698608398
 51.545333862305, 0.018882751464844
 51.544609069824, 0.01622200012207
 51.543579101562, 0.012073516845703
 51.542644500732, 0.0088405609130859
 51.54203414917, 0.0045204162597656
 51.541423797607, 0.0028038024902344
 51.540718078613, 0.0013160705566406
 51.539649963379, -0.00020027160644531
 51.5452003479, -0.00028610229492188
 51.543483734131, -0.003662109375
 51.540985107422, -0.0060367584228516
 51.537628173828, -0.0095844268798828
 51.539936065674, -0.0077533721923828
 51.539916992188, -0.0077533721923828
 51.539897918701, -0.0077533721923828
 51.539897918701, -0.0077533721923828
 51.540946960449, -0.0061511993408203
 51.542549133301, -0.0040912628173828
 51.545925140381, -0.00057220458984375
 51.544532775879, 5.7220458984375e-05
 51.543617248535, 0.0026607513427734
 51.5407371521, 0.0014591217041016
 51.535034179688, -0.0056076049804688
 51.532039642334, -0.0096416473388672
 51.530208587646, -0.012359619140625
 51.528263092041, -0.018253326416016
 51.527729034424, -0.022029876708984
 51.52645111084, -0.028266906738281
 51.525497436523, -0.032758712768555
 51.524524688721, -0.036020278930664
 51.522426605225, -0.041913986206055
 51.520481109619, -0.044374465942383
 51.51834487915, -0.043087005615234
 51.518154144287, -0.04460334777832
 51.518688201904, -0.047378540039062
 51.518573760986, -0.047378540039062
 51.518688201904, -0.04734992980957
 51.518630981445, -0.047407150268555
 51.518688201904, -0.04734992980957
 51.518688201904, -0.047378540039062
 51.518688201904, -0.047378540039062
 51.518688201904, -0.047378540039062
 51.5188464369, -0.048088319960869
 51.5188464369, -0.048088319960869
 51.5188464369, -0.048088319960869
 51.5188464369, -0.048088319960869
 51.5188464369, -0.048088319960869
 51.5188464369, -0.048088319960869
 51.5188464369, -0.048088319960869
 51.5188464369, -0.048088319960869
 51.5188464369, -0.048088319960869
 51.5188464369, -0.048088319960869
 51.5188464369, -0.048088319960869
 51.5188464369, -0.048088319960869
 51.5188464369, -0.048088319960869
 51.5188464369, -0.048088319960869
 51.5188464369, -0.048088319960869
 51.518688201904, -0.047378540039062
 51.518630981445, -0.047378540039062
 51.51876449585, -0.048437118530273
 51.51891708374, -0.048379898071289
 51.518306732178, -0.049638748168945
 51.51725769043, -0.05126953125
 51.517906188965, -0.055303573608398
 51.519813537598, -0.056705474853516
 51.519012451172, -0.0604248046875
 51.518039703369, -0.064573287963867
 51.517143249512, -0.067434310913086
 51.515846252441, -0.070295333862305
 51.517200469971, -0.073299407958984
 51.518802642822, -0.074472427368164
 51.519966125488, -0.074586868286133
 51.520557403564, -0.074758529663086
 51.522617340088, -0.077362060546875
 51.524391174316, -0.077276229858398
 51.526279449463, -0.077934265136719
 51.531238555908, -0.077104568481445
 51.5354347229, -0.076875686645508
 51.538124084473, -0.076818466186523
 51.542377471924, -0.076417922973633
 51.544589996338, -0.076131820678711
 51.549396514893, -0.075216293334961
 51.550712585449, -0.075044631958008
 51.555805206299, -0.074586868286133
 51.557712554932, -0.074558258056641
 51.558990478516, -0.074272155761719
 51.560440063477, -0.073986053466797
 51.561832427979, -0.073614120483398
 51.56213760376, -0.07598876953125
 51.562023162842, -0.08056640625
 51.561183929443, -0.084114074707031
 51.560020446777, -0.08631706237793
 51.559925079346, -0.086460113525391
 51.559963226318, -0.086345672607422
 51.559963226318, -0.086431503295898
 51.559963226318, -0.086431503295898
 51.562030467755, -0.089895052189148
 51.562030467755, -0.089895052189148
 51.562030467755, -0.089895052189148
 51.562030467755, -0.089895052189148
 51.562030467755, -0.089895052189148
 51.562030467755, -0.089895052189148
 51.558399200439, -0.090751647949219
 51.560173034668, -0.091753005981445
 51.562633514404, -0.091924667358398
 51.565341949463, -0.08697509765625
 51.566066741943, -0.084257125854492
 51.567192077637, -0.079593658447266
 51.566867828369, -0.076560974121094
 51.565494537354, -0.07349967956543
 51.562271118164, -0.070896148681641
 51.559581756592, -0.070123672485352
 51.55782699585, -0.069007873535156
 51.555118560791, -0.068149566650391
 51.553287506104, -0.067119598388672
 51.549892425537, -0.062599182128906
 51.549167633057, -0.059108734130859
 51.545925140381, -0.055217742919922
 51.545963287354, -0.054845809936523
 51.546211242676, -0.054244995117188
 51.547069549561, -0.051183700561523
 51.54691696167, -0.047807693481445
 51.547946929932, -0.046548843383789
 51.548709869385, -0.041112899780273
 51.548881530762, -0.039653778076172
 51.549491882324, -0.036706924438477
 51.550178527832, -0.033817291259766
 51.551151275635, -0.031070709228516
 51.551685333252, -0.027694702148438
 51.551952362061, -0.023717880249023
 51.552219390869, -0.0201416015625
 51.555919647217, -0.015707015991211
 51.557121276855, -0.013875961303711
 51.55725479126, -0.0097846984863281
 51.558132171631, -0.0076675415039062
 51.559391021729, -0.0078678131103516
 51.562786102295, -0.010900497436523
 51.564064025879, -0.012445449829102
 51.56566619873, -0.010528564453125
 51.566543579102, -0.010185241699219
 51.567535400391, -0.0090122222900391
 51.569271087646, -0.0082969665527344
 51.570777893066, -0.0083255767822266
 51.572799682617, -0.0084400177001953
 51.574172973633, -0.010385513305664
 51.575107574463, -0.012588500976562
 51.576614379883, -0.015678405761719
 51.578350067139, -0.017251968383789
 51.580543518066, -0.018339157104492
 51.582584381104, -0.018653869628906
 51.585006713867, -0.019569396972656
 51.585006713867, -0.019540786743164
 51.586380004883, -0.019826889038086
 51.586494445801, -0.020112991333008
 51.588840484619, -0.019998550415039
 51.590175628662, -0.017280578613281
 51.589965820312, -0.015878677368164
 51.58992767334, -0.01490592956543
 51.590023040771, -0.013017654418945
 51.590042114258, -0.012273788452148
