 51.222267150879, 1.4033317565918
 51.222019195557, 1.4026737213135
 51.222019195557, 1.4026737213135
 51.222019195557, 1.4026165008545
 51.222019195557, 1.4026165008545
 51.220760345459, 1.404447555542
 51.219825744629, 1.402702331543
 51.219501495361, 1.4001846313477
 51.218757629395, 1.3898849487305
 51.218338012695, 1.3868808746338
 51.218204498291, 1.3828182220459
 51.218109130859, 1.3798141479492
 51.221523284912, 1.3739776611328
 51.223049163818, 1.3722038269043
 51.229114532471, 1.3631057739258
 51.243343353271, 1.3504886627197
 51.267051696777, 1.3389873504639
 51.269187927246, 1.340446472168
 51.271343231201, 1.3407325744629
 51.271343231201, 1.3407325744629
 51.276264190674, 1.3424205780029
 51.278648376465, 1.3439655303955
 51.281280517578, 1.3447093963623
 51.283702850342, 1.3453102111816
 51.285877227783, 1.345796585083
 51.289730072021, 1.3459396362305
 51.291122436523, 1.3460540771484
 51.292362213135, 1.3461971282959
 51.302547454834, 1.3469409942627
 51.3157081604, 1.353063583374
 51.3258934021, 1.366081237793
 51.327438354492, 1.3691425323486
 51.328449249268, 1.3711166381836
 51.329555511475, 1.3734340667725
 51.330280303955, 1.3748931884766
 51.334457397461, 1.3799571990967
 51.335849761963, 1.3851070404053
 51.334609985352, 1.389856338501
 51.334056854248, 1.3930892944336
 51.333065032959, 1.3954925537109
 51.331596374512, 1.3979244232178
 51.329364776611, 1.4028453826904
 51.329402923584, 1.4057064056396
 51.32999420166, 1.4078807830811
 51.328544616699, 1.4091682434082
 51.329250335693, 1.4125728607178
 51.331348419189, 1.4177799224854
 51.332397460938, 1.420841217041
 51.334133148193, 1.4204120635986
 51.335258483887, 1.4214992523193
 51.336841583252, 1.4224433898926
 51.338119506836, 1.4234161376953
 51.33939743042, 1.4249038696289
 51.341876983643, 1.4268493652344
 51.343536376953, 1.4271068572998
 51.345615386963, 1.4277076721191
 51.346225738525, 1.4276790618896
 51.349868774414, 1.4276218414307
 51.352157592773, 1.4275932312012
 51.354598999023, 1.4275360107422
 51.354274749756, 1.42991065979
 51.354846954346, 1.435432434082
 51.355400085449, 1.4370059967041
 51.35669708252, 1.4387798309326
 51.359176635742, 1.4386653900146
 51.359596252441, 1.4367771148682
 51.360321044922, 1.4326286315918
 51.364135742188, 1.4304828643799
 51.364154815674, 1.4304256439209
 51.364154815674, 1.4304256439209
 51.364154815674, 1.4303398132324
 51.364135742188, 1.4304542541504
 51.364135742188, 1.4305114746094
 51.364364624023, 1.4302825927734
 51.365299224854, 1.4290523529053
 51.367244720459, 1.4237022399902
 51.368713378906, 1.4242172241211
 51.369762420654, 1.4217281341553
 51.370792388916, 1.4188957214355
 51.376857757568, 1.4179515838623
 51.378345489502, 1.4188098907471
 51.379070281982, 1.4192962646484
 51.379070281982, 1.4192962646484
 51.380367279053, 1.415548324585
 51.380939483643, 1.415491104126
 51.38219833374, 1.4160633087158
 51.382541656494, 1.4162349700928
 51.385650634766, 1.4109420776367
 51.386089324951, 1.4077091217041
 51.386108398438, 1.4052486419678
 51.386737823486, 1.4021301269531
 51.387271881104, 1.3997840881348
 51.38916015625, 1.3926029205322
 51.38988494873, 1.3893127441406
 51.389942169189, 1.3867950439453
 51.390151977539, 1.3845634460449
 51.389541625977, 1.3833332061768
 51.386871337891, 1.3825035095215
 51.385498046875, 1.3827323913574
 51.386985778809, 1.3811016082764
 51.391220092773, 1.3816165924072
 51.39030456543, 1.3813304901123
 51.388530731201, 1.3795566558838
 51.386909484863, 1.3783264160156
 51.386699676514, 1.3749217987061
 51.386394500732, 1.3709449768066
 51.385135650635, 1.3677406311035
 51.384086608887, 1.3657093048096
 51.382846832275, 1.3641929626465
 51.381034851074, 1.3594722747803
 51.37996673584, 1.3498878479004
 51.38032913208, 1.342134475708
 51.379280090332, 1.3379573822021
 51.378898620605, 1.334981918335
 51.378479003906, 1.3314342498779
 51.378154754639, 1.3282012939453
 51.378154754639, 1.3282012939453
 51.378154754639, 1.3281726837158
 51.378154754639, 1.3282012939453
 51.378173828125, 1.3282299041748
 51.378116607666, 1.3282299041748
 51.378135681152, 1.3282299041748
 51.37809753418, 1.3282012939453
 51.378116607666, 1.3282299041748
 51.378173828125, 1.3281726837158
 51.378154754639, 1.3281726837158
 51.378154754639, 1.3281726837158
 51.378154754639, 1.3281726837158
 51.378135681152, 1.3282012939453
 51.378135681152, 1.3282012939453
 51.378116607666, 1.3282012939453
 51.378116607666, 1.3282012939453
 51.378116607666, 1.3282012939453
 51.378154754639, 1.3282012939453
 51.378135681152, 1.3282012939453
 51.378135681152, 1.3282012939453
 51.378135681152, 1.3282299041748
 51.378135681152, 1.3282012939453
 51.378154754639, 1.3282012939453
 51.378135681152, 1.3282012939453
 51.378173828125, 1.3274574279785
 51.378192901611, 1.3271713256836
 51.378116607666, 1.3251972198486
 51.377849578857, 1.3211345672607
 51.377639770508, 1.3188171386719
 51.377201080322, 1.3157272338867
 51.376399993896, 1.3136672973633
 51.374073028564, 1.3093185424805
 51.373138427734, 1.305570602417
 51.372337341309, 1.3044548034668
 51.371822357178, 1.303653717041
 51.370658874512, 1.3018798828125
 51.369724273682, 1.3003921508789
 51.340141296387, 1.2422561645508
 51.326198577881, 1.2040042877197
 51.32360458374, 1.1973094940186
 51.32360458374, 1.1973094940186
 51.32360458374, 1.1973094940186
 51.316795349121, 1.1705017089844
 51.309967041016, 1.1453533172607
 51.306419372559, 1.135311126709
 51.305904388428, 1.1342239379883
 51.305904388428, 1.1342239379883
 51.305904388428, 1.1342239379883
 51.305904388428, 1.1342239379883
 51.305904388428, 1.1342239379883
 51.292868604763, 1.1053303723701
 51.292868604763, 1.1053303723701
 51.292868604763, 1.1053303723701
 51.292868604763, 1.1053303723701
 51.292868604763, 1.1053303723701
 51.292868604763, 1.1053303723701
 51.292868604763, 1.1053303723701
 51.292868604763, 1.1053303723701
 51.292868604763, 1.1053303723701
 51.292778128948, 1.1051280319462
 51.29238, 1.10445
 51.28979, 1.09887
 51.288204193115, 1.0953140258789
 51.284084320068, 1.087646484375
 51.284084320068, 1.087646484375
 51.274909973145, 1.0752868652344
 51.274852752686, 1.0742282867432
 51.274852752686, 1.0742282867432
 51.274871826172, 1.0741996765137
 51.271419525146, 1.0669040679932
 51.270160675049, 1.0642719268799
 51.274681091309, 1.0521697998047
 51.286506652832, 1.0185527801514
 51.297492980957, 0.94199180603027
 51.306838989258, 0.90451240539551
 51.310691833496, 0.90539932250977
 51.312217712402, 0.90605735778809
 51.313190460205, 0.90024948120117
 51.312770843506, 0.89947700500488
 51.31275177002, 0.89947700500488
 51.31275177002, 0.89947700500488
 51.312694549561, 0.8994197845459
 51.31275177002, 0.89947700500488
 51.312675476074, 0.89936256408691
 51.312961578369, 0.90024948120117
 51.313915252686, 0.89836120605469
 51.314468383789, 0.89601516723633
 51.314868927002, 0.8928394317627
 51.312122344971, 0.88946342468262
 51.310348510742, 0.88823318481445
 51.308631896973, 0.88894844055176
 51.3059425354, 0.88846206665039
 51.298656463623, 0.88926315307617
 51.298656463623, 0.88926315307617
 51.226162417649, 0.87571387150712
 51.226162417649, 0.87571387150712
 51.226162417649, 0.87571387150712
 51.224014255233, 0.87751959896898
 51.222708298953, 0.8778351251606
 51.221315197314, 0.87862761848932
 51.22068752468, 0.87682722895946
 51.219193550283, 0.87304702118337
 51.218398218638, 0.87033376083224
 51.217722262258, 0.86761875599852
 51.221675872803, 0.76961517333984
 51.233882904053, 0.73991775512695
 51.233882904053, 0.73991775512695
 51.233882904053, 0.73991775512695
 51.241874694824, 0.67442893981934
 51.241722106934, 0.6727123260498
 51.24174118042, 0.66813468933105
 51.247653961182, 0.63091278076172
 51.248092651367, 0.62828063964844
 51.247863769531, 0.62725067138672
 51.247863769531, 0.62727928161621
 51.247825622559, 0.62722206115723
 51.247844696045, 0.62727928161621
