 51.019859313965, -3.1002616882324
 51.018754966809, -3.1029449652707
 51.018754966809, -3.1029449652707
 51.019027720984, -3.1026841354463
 51.019652066297, -3.1014409595301
 51.019652066297, -3.1014409595301
 51.019897460938, -3.1002616882324
 51.019744873047, -3.0987453460693
 51.019554138184, -3.0961132049561
 51.019515991211, -3.0935955047607
 51.023139953613, -3.085355758667
 51.018867492676, -3.0650997161865
 51.015663146973, -3.0537700653076
 50.998077392578, -3.0187797546387
 50.998077392578, -3.0187797546387
 50.998077392578, -3.0187797546387
 50.998077392578, -3.0187797546387
 50.932025909424, -2.9305744171143
 50.931262969971, -2.92799949646
 50.930366516113, -2.9245376586914
 50.929584503174, -2.9215908050537
 50.92924118042, -2.9200458526611
 50.92924118042, -2.9200458526611
 50.928325653076, -2.9127788543701
 50.928325653076, -2.9127788543701
 50.928325653076, -2.9127788543701
 50.928325653076, -2.9127788543701
 50.926679338464, -2.9109566148204
 50.927792659299, -2.9127467647132
 50.937328338623, -2.9322052001953
 50.942287445068, -2.8995323181152
 50.942287445068, -2.8995323181152
 50.939064025879, -2.8229713439941
 50.946178436279, -2.7880382537842
 50.960426330566, -2.7547645568848
 50.96794128418, -2.7416610717773
 50.96794128418, -2.7416610717773
 50.941600799561, -2.6801204681396
 50.932884216309, -2.6608085632324
 50.936412811279, -2.6418113708496
 50.94331741333, -2.634744644165
 50.942916870117, -2.6338291168213
 50.941410064697, -2.6337718963623
 50.941905975342, -2.6318550109863
 50.943279266357, -2.6299381256104
 50.943927764893, -2.6299667358398
 50.94388961792, -2.6324558258057
 50.943851470947, -2.6331424713135
 50.943927764893, -2.6351737976074
 50.94554901123, -2.6369190216064
 50.946826934814, -2.6379489898682
 50.948429107666, -2.6392936706543
 50.949840545654, -2.6402950286865
 50.951538085938, -2.6422691345215
 50.958786010742, -2.6511096954346
 50.958786010742, -2.6511096954346
 50.967884063721, -2.6576328277588
 50.967884063721, -2.6576328277588
 50.967884063721, -2.6576328277588
 50.994853973389, -2.6799774169922
 50.998363494873, -2.6816654205322
 50.998363494873, -2.6816654205322
 50.998363494873, -2.6816654205322
 50.998363494873, -2.6816654205322
 50.998363494873, -2.6816654205322
 50.943850512605, -2.6294230476567
 50.943850512605, -2.6294230476567
 50.943850512605, -2.6294230476567
 51.014175415039, -2.6839256286621
 51.014175415039, -2.6839256286621
 51.040363311768, -2.700719833374
 51.049404144287, -2.717113494873
 51.05598449707, -2.7271842956543
 51.054382324219, -2.7275562286377
 51.053657531738, -2.7296733856201
 51.053905487061, -2.7335929870605
 51.054954528809, -2.7363681793213
 51.05562210083, -2.7340507507324
 51.05598449707, -2.729959487915
 51.056098937988, -2.7267551422119
 51.058502197266, -2.7215194702148
 51.064529418945, -2.7269268035889
 51.064529418945, -2.7269268035889
 51.064529418945, -2.7269268035889
 51.064529418945, -2.7269268035889
 51.119766235352, -2.7314472198486
 51.124229431152, -2.7312183380127
 51.127090454102, -2.7327346801758
 51.12756729126, -2.7332210540771
 51.129512786865, -2.7362823486328
 51.128234863281, -2.7378559112549
 51.127033233643, -2.739315032959
 51.126155853271, -2.741003036499
 51.124439239502, -2.7433204650879
 51.123542785645, -2.7451229095459
 51.123161315918, -2.7471542358398
 51.123371124268, -2.7506732940674
 51.123199462891, -2.7541923522949
 51.123199462891, -2.7541923522949
 51.123199462891, -2.7541923522949
 51.130256652832, -2.7396583557129
 51.130218505859, -2.7396869659424
 51.130237579346, -2.7396869659424
 51.130218505859, -2.7396869659424
 51.130237579346, -2.7396583557129
 51.130237579346, -2.7396583557129
 51.130237579346, -2.7396869659424
 51.130256652832, -2.7388572692871
 51.142101287842, -2.7280712127686
 51.143932342529, -2.7209186553955
 51.14408493042, -2.7201175689697
 51.144390106201, -2.7183723449707
 51.14465713501, -2.7173709869385
 51.145668029785, -2.7175712585449
 51.145668029785, -2.7175712585449
 51.147785186768, -2.7157115936279
 51.148109436035, -2.7134799957275
 51.149349212646, -2.7127075195312
 51.151065826416, -2.7138519287109
 51.15234375, -2.7141952514648
 51.154899597168, -2.7143096923828
 51.155662536621, -2.7139663696289
 51.157379150391, -2.7123641967773
 51.157379150391, -2.7123641967773
 51.157379150391, -2.7123641967773
 51.157379150391, -2.7123641967773
 51.157379150391, -2.7123641967773
 50.943850512605, -2.6294230476567
 50.943850512605, -2.6294230476567
 50.943850512605, -2.6294230476567
 50.943850512605, -2.6294230476567
 50.943850512605, -2.6294230476567
 51.189098358154, -2.6766872406006
 51.190891265869, -2.6743125915527
 51.191635131836, -2.6728248596191
 51.196174621582, -2.6667594909668
 51.202278137207, -2.6562023162842
 51.202278137207, -2.6562023162842
 51.203956604004, -2.6527976989746
 51.203956604004, -2.6527976989746
 51.203956604004, -2.6527976989746
 51.209812164307, -2.6530265808105
 51.210956573486, -2.6513671875
 51.210956573486, -2.6513671875
 51.210956573486, -2.6513671875
 51.21280670166, -2.6463890075684
 51.21280670166, -2.6463890075684
 51.21280670166, -2.6463890075684
 51.21280670166, -2.6463890075684
 50.943850512605, -2.6294230476567
 50.943850512605, -2.6294230476567
 51.20475769043, -2.6514530181885
 51.20475769043, -2.6514530181885
 51.19743347168, -2.6116275787354
 51.19743347168, -2.6116275787354
 51.19743347168, -2.6116275787354
 51.19743347168, -2.6116275787354
 51.19743347168, -2.6116275787354
 50.943850512605, -2.6294230476567
 50.943850512605, -2.6294230476567
 50.943850512605, -2.6294230476567
 51.190948486328, -2.5492286682129
 51.189823150635, -2.5473690032959
 51.189556121826, -2.5443363189697
 51.18860244751, -2.5408172607422
 51.188259124756, -2.537670135498
 51.187419891357, -2.534294128418
 51.187324523926, -2.5335502624512
 51.187324523926, -2.5335502624512
 51.188926696777, -2.4815368652344
 51.195888519287, -2.4514102935791
 51.197204589844, -2.420654296875
 51.202220916748, -2.3865795135498
 51.206111907959, -2.3543071746826
 51.217670440674, -2.3335933685303
 51.219997406006, -2.3317337036133
 51.222667694092, -2.3302459716797
 51.224727630615, -2.327299118042
 51.224727630615, -2.327299118042
 51.227855682373, -2.3224639892578
 51.230754852295, -2.321662902832
 51.232776641846, -2.3190021514893
 51.234092712402, -2.3169708251953
 51.235122680664, -2.3157978057861
 51.235122680664, -2.3157978057861
 51.235122680664, -2.3157978057861
 51.235122680664, -2.3157978057861
 51.235122680664, -2.3157978057861
 51.241664886475, -2.3122215270996
 50.943850512605, -2.6294230476567
 50.943850512605, -2.6294230476567
 50.943850512605, -2.6294230476567
 50.943850512605, -2.6294230476567
 50.943850512605, -2.6294230476567
 50.943850512605, -2.6294230476567
 50.943850512605, -2.6294230476567
 50.943850512605, -2.6294230476567
 50.943850512605, -2.6294230476567
 50.943850512605, -2.6294230476567
 50.943850512605, -2.6294230476567
 50.943850512605, -2.6294230476567
 50.943850512605, -2.6294230476567
 50.943850512605, -2.6294230476567
 50.943850512605, -2.6294230476567
 50.943850512605, -2.6294230476567
 50.943850512605, -2.6294230476567
 50.943850512605, -2.6294230476567
 50.943850512605, -2.6294230476567
 50.943850512605, -2.6294230476567
 50.943850512605, -2.6294230476567
 50.943850512605, -2.6294230476567
 50.943850512605, -2.6294230476567
 50.943850512605, -2.6294230476567
 50.943850512605, -2.6294230476567
 50.943850512605, -2.6294230476567
 50.943850512605, -2.6294230476567
 50.943850512605, -2.6294230476567
 50.943850512605, -2.6294230476567
 50.943850512605, -2.6294230476567
 50.943850512605, -2.6294230476567
 50.943850512605, -2.6294230476567
 50.943850512605, -2.6294230476567
 50.943850512605, -2.6294230476567
 50.943850512605, -2.6294230476567
 50.943850512605, -2.6294230476567
 50.943850512605, -2.6294230476567
 50.943850512605, -2.6294230476567
 50.943850512605, -2.6294230476567
 50.943850512605, -2.6294230476567
 50.943850512605, -2.6294230476567
 50.943850512605, -2.6294230476567
 50.943850512605, -2.6294230476567
 50.943850512605, -2.6294230476567
 50.943850512605, -2.6294230476567
 50.943771886862, -2.6294798233692
 50.943771886862, -2.6294798233692
 50.943850512605, -2.6294230476567
 50.943850512605, -2.6294230476567
 50.943850512605, -2.6294230476567
 50.943850512605, -2.6294230476567
 50.943850512605, -2.6294230476567
 50.943850512605, -2.6294230476567
 50.943850512605, -2.6294230476567
 50.943850512605, -2.6294230476567
 50.943850512605, -2.6294230476567
 50.943850512605, -2.6294230476567
 50.943850512605, -2.6294230476567
 50.943771886862, -2.6294798233692
 50.943771886862, -2.6294798233692
 51.341590881348, -2.2464466094971
 51.341590881348, -2.2464466094971
 51.341590881348, -2.2464466094971
 51.341590881348, -2.2464466094971
 51.349048614502, -2.252082824707
 51.349716186523, -2.2499084472656
 51.350498199463, -2.2493934631348
 51.35124206543, -2.2501659393311
 51.351432800293, -2.2509956359863
 51.350994110107, -2.2526836395264
 51.349678039551, -2.2571468353271
 51.347255706787, -2.2610092163086
 51.347255706787, -2.2610092163086
 51.348114013672, -2.2663021087646
 51.351261138916, -2.2867584228516
 51.348114013672, -2.2990894317627
 51.357269287109, -2.3152542114258
 51.361656188965, -2.3178577423096
 51.369342803955, -2.3178863525391
 51.373119354248, -2.3246383666992
 51.373119354248, -2.3246383666992
 51.379451751709, -2.3225784301758
 51.379432678223, -2.3225212097168
 51.379451751709, -2.3225498199463
 51.379413604736, -2.3225212097168
 51.379413604736, -2.3225212097168
 51.379203796387, -2.3226070404053
 51.379203796387, -2.3226070404053
 51.379203796387, -2.3226070404053
 51.379203796387, -2.3226070404053
 51.374320983887, -2.3286151885986
 51.376514434814, -2.3314762115479
 51.377487182617, -2.3341941833496
 51.377849578857, -2.3381996154785
 51.378879547119, -2.3407173156738
 51.378879547119, -2.3407173156738
 51.380462646484, -2.3448944091797
 51.382732391357, -2.3484706878662
 51.383895874023, -2.35107421875
 51.385116577148, -2.3514175415039
 51.384582519531, -2.3537349700928
 51.383399963379, -2.3570823669434
 51.381950378418, -2.3574542999268
 51.3818359375, -2.3588562011719
 51.38313293457, -2.3610305786133
 51.384334564209, -2.3616027832031
 51.386222839355, -2.3612022399902
 51.386699676514, -2.3615741729736
 51.38614654541, -2.3649215698242
 51.386680603027, -2.3674392700195
 51.386909484863, -2.3700141906738
 51.385440826416, -2.3707008361816
 51.384029388428, -2.3717880249023
 51.385231018066, -2.3758220672607
 51.385517120361, -2.3779678344727
 51.385154724121, -2.380428314209
 51.384258270264, -2.3832607269287
 51.384410858154, -2.385950088501
 51.38521194458, -2.3877239227295
 51.386413574219, -2.3899841308594
 51.387596130371, -2.393159866333
 51.387844085693, -2.3948764801025
 51.388702392578, -2.3973083496094
 51.389484405518, -2.3994541168213
 51.39030456543, -2.4006271362305
 51.392421722412, -2.4052333831787
 51.393356323242, -2.4084377288818
 51.394195556641, -2.4103832244873
 51.397037506104, -2.4236869812012
 51.408100128174, -2.4339008331299
 51.414241790771, -2.4381923675537
 51.423053741455, -2.4549579620361
 51.423053741455, -2.4549579620361
 51.423053741455, -2.4549579620361
 51.423053741455, -2.4549579620361
 51.423053741455, -2.4549579620361
 51.4284324646, -2.4702072143555
 51.4284324646, -2.4702072143555
 51.428966522217, -2.471752166748
 51.428966522217, -2.471752166748
 51.428966522217, -2.471752166748
 51.428966522217, -2.471752166748
 51.430972695454, -2.4792299623375
 51.431607903047, -2.4821101677331
 51.433192506934, -2.4838567751699
 51.434237525877, -2.4870133897835
 51.434307098389, -2.4893188476562
 51.43461227417, -2.4898052215576
 51.436939239502, -2.492151260376
 51.438388824463, -2.4943542480469
 51.439838409424, -2.4964714050293
 51.44100189209, -2.4975299835205
 51.442489624023, -2.501163482666
 51.443042755127, -2.5022506713867
 51.443405151367, -2.503023147583
 51.444206237793, -2.5045394897461
 51.44681930542, -2.5096321105957
 51.448268890381, -2.514066696167
 51.448650360107, -2.5153541564941
 51.450176239014, -2.5190734863281
 51.452522277832, -2.5237655639648
 51.453285217285, -2.5245094299316
 51.454830169678, -2.5276565551758
 51.456050872803, -2.528600692749
 51.457462310791, -2.530517578125
 51.458950042725, -2.5346088409424
 51.459770202637, -2.5369834899902
 51.460418701172, -2.5402450561523
 51.46032333374, -2.543363571167
 51.4599609375, -2.5460529327393
 51.459465026855, -2.5480270385742
 51.459617614746, -2.5501728057861
 51.459636688232, -2.5513458251953
 51.459636688232, -2.5513458251953
 51.45866394043, -2.5579833984375
 51.45788192749, -2.5619888305664
 51.457920074463, -2.5639629364014
 51.458168029785, -2.5675678253174
 51.458187103271, -2.5705146789551
 51.457805633545, -2.5755214691162
 51.456890106201, -2.5784111022949
 51.455764770508, -2.5826454162598
 51.456069946289, -2.5852203369141
 51.456317901611, -2.5852203369141
 51.456089019775, -2.585334777832
 51.456127166748, -2.585334777832
 51.456203460693, -2.585334777832
 51.456241607666, -2.585563659668
 51.456165313721, -2.5857067108154
 51.456813812256, -2.5861358642578
 51.454372406006, -2.5921440124512
 51.452312469482, -2.5883960723877
 51.449097541223, -2.5918784155769
 51.448932546532, -2.5925701438274
 51.448553407534, -2.5944312758627
 51.448595534245, -2.5958237451094
 51.44855200331, -2.5977389536203
 51.456451416016, -2.5852203369141
 51.456470489502, -2.585277557373
 51.456470489502, -2.585277557373
 51.456470489502, -2.585277557373
 51.456928253174, -2.5863647460938
 51.457748413086, -2.5928592681885
 51.452045440674, -2.598237991333
