 53.953800201416, -1.0800647735596
 53.95378112793, -1.0799789428711
 53.953952789307, -1.0741424560547
 53.960304260254, -1.0725975036621
 53.963489532471, -1.0792064666748
 53.964729309082, -1.0833549499512
 53.964710235596, -1.0889625549316
 53.969306945801, -1.0962867736816
 53.97388458252, -1.1052703857422
 53.983669281006, -1.118745803833
 53.959347077124, -1.0958843377367
 53.959347077124, -1.0958843377367
 53.959347077124, -1.0958843377367
 53.959347077124, -1.0958843377367
 53.959347077124, -1.0958843377367
 53.96030459175, -1.1059503499327
 53.96356767373, -1.1131341286248
 53.971105139526, -1.1206509301701
 53.971105139526, -1.1206509301701
 53.971105139526, -1.1206509301701
 53.971105139526, -1.1206509301701
 53.971105139526, -1.1206509301701
 53.971105139526, -1.1206509301701
 53.971105139526, -1.1206509301701
 53.971105139526, -1.1206509301701
 53.971105139526, -1.1206509301701
 54.112240801689, -1.2482484299819
 54.112240801689, -1.2482484299819
 54.112240801689, -1.2482484299819
 54.112240801689, -1.2482484299819
 54.112240801689, -1.2482484299819
 54.112240801689, -1.2482484299819
 54.112240801689, -1.2482484299819
 54.112240801689, -1.2482484299819
 54.112240801689, -1.2482484299819
 54.119134011735, -1.256060648201
 54.119134011735, -1.256060648201
 54.119134011735, -1.256060648201
 54.119134011735, -1.256060648201
 54.119134011735, -1.256060648201
 54.119134011735, -1.256060648201
 54.119134011735, -1.256060648201
 54.227856191248, -1.3724572908957
 54.227856191248, -1.3724572908957
 54.227856191248, -1.3724572908957
 54.227856191248, -1.3724572908957
 54.227856191248, -1.3724572908957
 54.227856191248, -1.3724572908957
 54.227856191248, -1.3724572908957
 54.227752685547, -1.3704299926758
 54.227771759033, -1.3704872131348
 54.227733612061, -1.3704299926758
 54.227733612061, -1.3704586029053
 54.228210449219, -1.3687705993652
 54.228572845459, -1.3662528991699
 54.229183197021, -1.362247467041
 54.229736328125, -1.3591289520264
 54.230270385742, -1.3561248779297
 54.231185913086, -1.3508892059326
 54.231472015381, -1.3473129272461
 54.231243133545, -1.3443660736084
 54.232692718506, -1.3432502746582
 54.232692718506, -1.3432502746582
 54.234828948975, -1.3452816009521
 54.235401153564, -1.3455390930176
 54.237804412842, -1.3465690612793
 54.238815307617, -1.3471126556396
 54.250984191895, -1.3534069061279
 54.268836975098, -1.3652229309082
 54.285774230957, -1.3848209381104
 54.305934906006, -1.4000988006592
 54.325561523438, -1.4235305786133
 54.325561523438, -1.4235305786133
 54.325561523438, -1.4235305786133
 54.331531524658, -1.4314556121826
 54.332599639893, -1.4325428009033
 54.334354400635, -1.4338302612305
 54.336032867432, -1.4339733123779
 54.336700439453, -1.431770324707
 54.338130950928, -1.4313411712646
 54.339218139648, -1.431713104248
 54.340324401855, -1.4319705963135
 54.340324401855, -1.4319705963135
 54.340324401855, -1.4319705963135
 54.337978363037, -1.433687210083
 54.335651397705, -1.4362049102783
 54.33256149292, -1.4410400390625
 54.331073760986, -1.4425277709961
 54.329643249512, -1.4443302154541
 54.328422546387, -1.4456462860107
 54.326515197754, -1.4461040496826
 54.325828552246, -1.4471340179443
 54.323177337646, -1.4789199829102
 54.323959350586, -1.4913082122803
 54.313488006592, -1.5353965759277
 54.307918548584, -1.552562713623
 54.297847747803, -1.5718460083008
 54.295959472656, -1.5754222869873
 54.295063018799, -1.5770244598389
 54.295063018799, -1.5770244598389
 54.295063018799, -1.5770244598389
 54.291667938232, -1.5840339660645
 54.291667938232, -1.5840339660645
 54.291667938232, -1.5840339660645
 54.291667938232, -1.5840339660645
 54.290134278251, -1.587989953724
 54.288590655498, -1.5907001514423
 54.29988861084, -1.622142791748
 54.307842254639, -1.64231300354
 54.310703277588, -1.6683769226074
 54.311275482178, -1.7040824890137
 54.311275482178, -1.7040824890137
 54.311275482178, -1.7040824890137
 54.311275482178, -1.7040824890137
 54.307098388672, -1.8202972412109
 54.3088722229, -1.8400382995605
 54.305114746094, -1.8517398834229
 54.296054840088, -1.8875026702881
 54.291229248047, -1.9132804870605
 54.298439025879, -1.9343662261963
 54.295520782471, -1.9599437713623
 54.290428161621, -1.9801998138428
 54.290714263916, -1.9839191436768
 54.291915893555, -1.9843482971191
 54.291915893555, -1.9843482971191
 54.291915893555, -1.9843482971191
 54.291915893555, -1.9843482971191
 54.291915893555, -1.9843482971191
 54.291985259516, -1.9845816862296
 54.293419599241, -1.985138346647
 54.294659278576, -1.982540099998
 54.294332585649, -1.9840016359582
 54.294332585649, -1.9840016359582
 54.294332585649, -1.9840016359582
 54.294332585649, -1.9840016359582
 54.294332585649, -1.9840016359582
 54.294332585649, -1.9840016359582
 54.294332585649, -1.9840016359582
 54.294332585649, -1.9840016359582
 54.294332585649, -1.9840016359582
 54.294490814209, -1.9836902618408
 54.294490814209, -1.9836902618408
 54.294490814209, -1.9836902618408
 54.294490814209, -1.9836902618408
 54.290618896484, -1.9824600219727
 54.296283721924, -1.9547080993652
 54.297924041748, -1.9295597076416
 54.291324615479, -1.9095897674561
 54.296188354492, -1.8847560882568
 54.296188354492, -1.8847560882568
 54.309310913086, -1.8361186981201
 54.30980682373, -1.8307113647461
 54.310779571533, -1.8301677703857
 54.31266784668, -1.8267631530762
 54.314479827881, -1.823673248291
 54.316120147705, -1.8235301971436
 54.320278167725, -1.8220710754395
 54.333686828613, -1.8210697174072
 54.345645904541, -1.8128299713135
 54.345645904541, -1.8128299713135
 54.345645904541, -1.8128299713135
 54.345645904541, -1.8128299713135
 54.345645904541, -1.8128299713135
 54.404921986582, -1.7562103280589
 54.404921986582, -1.7562103280589
 54.404258728027, -1.7589855194092
 54.404258728027, -1.7589855194092
 54.404258728027, -1.7589855194092
 54.40502166748, -1.7458820343018
 54.403800964355, -1.7429637908936
 54.403820037842, -1.739444732666
 54.402904510498, -1.7383003234863
 54.403285980225, -1.7377853393555
 54.40336227417, -1.737813949585
 54.403381347656, -1.737813949585
 54.404697418213, -1.7368984222412
 54.406280517578, -1.7354965209961
 54.406623840332, -1.7326927185059
 54.406852722168, -1.7295742034912
 54.407558441162, -1.7264556884766
 54.408340454102, -1.7236804962158
 54.407806396484, -1.724853515625
 54.407806396484, -1.7248249053955
 54.407825469971, -1.7248249053955
 54.407844543457, -1.7248249053955
 54.407806396484, -1.724853515625
 54.407787322998, -1.724853515625
 54.407787322998, -1.724853515625
 54.407787322998, -1.724853515625
 54.407787322998, -1.724853515625
 54.407787322998, -1.724853515625
 54.408490946077, -1.7233051577268
 54.408490946077, -1.7233051577268
 54.408490946077, -1.7233051577268
 54.408490946077, -1.7233051577268
 54.408490946077, -1.7233051577268
 54.408490946077, -1.7233051577268
 54.408490946077, -1.7233051577268
 54.408490946077, -1.7233051577268
 54.408490946077, -1.7233051577268
 54.408490946077, -1.7233051577268
 54.408490946077, -1.7233051577268
 54.408490946077, -1.7233051577268
 54.408490946077, -1.7233051577268
 54.408490946077, -1.7233051577268
 54.408490946077, -1.7233051577268
 54.408490946077, -1.7233051577268
 54.408490946077, -1.7233051577268
 54.408490946077, -1.7233051577268
 54.408490946077, -1.7233051577268
 54.408490946077, -1.7233051577268
 54.407825469971, -1.724910736084
 54.409084320068, -1.7214202880859
 54.421768188477, -1.6868877410889
 54.427909851074, -1.6817092895508
 54.442520141602, -1.6723251342773
 54.458255767822, -1.7188167572021
 54.463577270508, -1.7344951629639
 54.474105834961, -1.7637920379639
 54.4846534729, -1.79443359375
 54.496154785156, -1.8266487121582
 54.508876800537, -1.8563747406006
 54.521160125732, -1.878547668457
 54.521160125732, -1.878547668457
 54.521160125732, -1.878547668457
 54.539375305176, -1.9094753265381
 54.539413452148, -1.9095611572266
 54.539413452148, -1.9095611572266
 54.539413452148, -1.9095611572266
 54.541511535645, -1.9204330444336
 54.542102813721, -1.9232654571533
 54.542102813721, -1.9232654571533
 54.542102813721, -1.9232654571533
 54.544811248779, -1.9247245788574
 54.544429779053, -1.9247245788574
 54.543056488037, -1.9237804412842
 54.543056488037, -1.9237804412842
 54.543056488037, -1.9237804412842
 54.543056488037, -1.9237804412842
 54.541683197021, -1.9333362579346
 54.540786743164, -1.9357967376709
 54.53462600708, -1.9515323638916
 54.526100158691, -1.9842338562012
 54.518489837646, -2.0133304595947
 54.512882232666, -2.0556449890137
 54.508209228516, -2.0989894866943
 54.505023956299, -2.1435070037842
 54.508895874023, -2.1882247924805
 54.523372650146, -2.2260189056396
 54.529094696045, -2.2691345214844
 54.52880859375, -2.3013210296631
 54.526882171631, -2.3115062713623
 54.52600479126, -2.3149108886719
 54.526252746582, -2.3177433013916
 54.524765014648, -2.3187732696533
 54.530715942383, -2.334566116333
 54.535102844238, -2.3757934570312
 54.547023773193, -2.4086952209473
 54.561367034912, -2.4433422088623
 54.571590423584, -2.4750995635986
 54.572639465332, -2.479419708252
 54.573860168457, -2.4825668334961
 54.576015472412, -2.4842262268066
 54.577102661133, -2.4862289428711
 54.577713012695, -2.4885749816895
 54.579620361328, -2.4902057647705
 54.581165313721, -2.4910926818848
 54.583206176758, -2.4929523468018
 54.58438873291, -2.4946403503418
 54.591522216797, -2.5237655639648
 54.611186981201, -2.545108795166
 54.625587463379, -2.5755214691162
 54.635543823242, -2.6099681854248
 54.651584625244, -2.6423835754395
 54.653263092041, -2.6824951171875
 54.656238555908, -2.719030380249
 54.655570983887, -2.7439498901367
 54.656925201416, -2.7448654174805
 54.65856552124, -2.7463531494141
 54.660186767578, -2.7477550506592
 54.660186767578, -2.7477550506592
 54.658813476562, -2.7505588531494
 54.658756256104, -2.7505016326904
 54.658756256104, -2.7505016326904
 54.658794403076, -2.7505302429199
 54.658756256104, -2.7505016326904
 54.659004211426, -2.7501583099365
 54.660339355469, -2.7479267120361
 54.661750793457, -2.7493858337402
 54.66344833374, -2.7514743804932
 54.665412902832, -2.7541923522949
 54.666595458984, -2.755708694458
 54.667682647705, -2.7575969696045
 54.668769836426, -2.7591991424561
 54.670639038086, -2.7602005004883
 54.67248916626, -2.7599716186523
 54.67414855957, -2.7618885040283
 54.675617218018, -2.7642059326172
 54.688491821289, -2.7743911743164
 54.69310760498, -2.7877807617188
 54.708614349365, -2.7935600280762
 54.734287261963, -2.8047466278076
 54.757919311523, -2.8245449066162
 54.778270721436, -2.8532123565674
 54.801902770996, -2.8717517852783
 54.825763702393, -2.889289855957
 54.851379394531, -2.8808784484863
 54.877128601074, -2.8794765472412
 54.895343780518, -2.8920078277588
 54.895477294922, -2.8957557678223
 54.894924163818, -2.9006195068359
 54.894599914551, -2.9054832458496
 54.89444732666, -2.909688949585
 54.89444732666, -2.9124355316162
 54.894428253174, -2.9159545898438
 54.894428253174, -2.9183006286621
 54.895191192627, -2.920560836792
 54.896068572998, -2.9224491119385
 54.89595413208, -2.9259395599365
 54.895668029785, -2.9284286499023
 54.895458221436, -2.9303741455078
 54.894123077393, -2.9302597045898
 54.893188476562, -2.9302310943604
 54.891777038574, -2.9327201843262
 54.892749786377, -2.9344654083252
 54.894523620605, -2.9362392425537
 54.895343780518, -2.9389572143555
 54.896259307861, -2.9398727416992
 54.896183013916, -2.9369258880615
 54.896984100342, -2.9386138916016
 54.897384643555, -2.9397869110107
 54.897384643555, -2.9401302337646
 54.897403717041, -2.9401588439941
