 54.585066286795, -1.2274089412682
 54.585066286795, -1.2274089412682
 54.580936431885, -1.2334156036377
 54.578514099121, -1.2339878082275
 54.577350616455, -1.2310981750488
 54.572772979736, -1.2199974060059
 54.575023651123, -1.2045478820801
 54.580459594727, -1.1782836914062
 54.582118988037, -1.1381721496582
 54.589099884033, -1.1308765411377
 54.606456756592, -1.1109352111816
 54.612941741943, -1.0861301422119
 54.613208770752, -1.0834407806396
 54.613380432129, -1.0799503326416
 54.613571166992, -1.0764598846436
 54.613742828369, -1.0742855072021
 54.613838195801, -1.0715675354004
 54.614505767822, -1.0679912567139
 54.61597442627, -1.0681915283203
 54.619007110596, -1.0686779022217
 54.618492126465, -1.0634136199951
 54.618301391602, -1.0635852813721
 54.61742401123, -1.0604381561279
 54.616641998291, -1.0585784912109
 54.616165161133, -1.0551166534424
 54.61446762085, -1.0517692565918
 54.612998962402, -1.0500240325928
 54.611568450928, -1.0483360290527
 54.61030960083, -1.0466194152832
 54.60844039917, -1.0439014434814
 54.606552124023, -1.0406398773193
 54.605712890625, -1.0387229919434
 54.599342346191, -1.0243892669678
 54.597129821777, -1.0195255279541
 54.594802856445, -1.0197257995605
 54.592933654785, -1.0197830200195
 54.591426849365, -1.0195827484131
 54.588928222656, -1.0188961029053
 54.586849212646, -1.0173797607422
 54.582710266113, -1.0006713867188
 54.582099914551, -0.99320411682129
 54.581298828125, -0.99114418029785
 54.581031799316, -0.98871231079102
 54.580936431885, -0.98462104797363
 54.580993652344, -0.98127365112305
 54.581871032715, -0.97672462463379
 54.582462310791, -0.97323417663574
 54.584445953369, -0.97031593322754
 54.584445953369, -0.97031593322754
 54.584445953369, -0.97031593322754
 54.579524993896, -0.95312118530273
 54.571743011475, -0.93993186950684
 54.569816589355, -0.93747138977051
 54.568862915039, -0.93558311462402
 54.568843841553, -0.93320846557617
 54.569110870361, -0.93040466308594
 54.569072723389, -0.92757225036621
 54.566383361816, -0.9180736541748
 54.565525054932, -0.91509819030762
 54.564838409424, -0.91063499450684
 54.563293457031, -0.9063720703125
 54.560813903809, -0.90242385864258
 54.557228088379, -0.90079307556152
 54.555892944336, -0.89744567871094
 54.555397033691, -0.89447021484375
 54.554843902588, -0.89226722717285
 54.554843902588, -0.89226722717285
 54.554843902588, -0.89226722717285
 54.554843902588, -0.89226722717285
 54.55368, -0.88519
 54.554, -0.88166
 54.55395, -0.87948
 54.55377, -0.87569
 54.553731257019, -0.87465456815879
 54.553731257019, -0.87465456815879
 54.541342362944, -0.77811791458534
 54.54096, -0.77739
 54.5396, -0.77546
 54.53793, -0.7735
 54.50834274292, -0.75224876403809
 54.507122039795, -0.71491241455078
 54.506244659424, -0.69914817810059
 54.505958557129, -0.69671630859375
 54.505958557129, -0.69671630859375
 54.505958557129, -0.69671630859375
 54.506855010986, -0.68384170532227
 54.506855010986, -0.68384170532227
 54.506855010986, -0.68384170532227
 54.506855010986, -0.68384170532227
 54.506855010986, -0.68384170532227
 54.50438, -0.67693
 54.50375, -0.67389
 54.50307, -0.67111
 54.50148, -0.66977
 54.50096, -0.66902
 54.49134193842, -0.63551697291685
 54.49108, -0.63263
 54.4901, -0.63027
 54.488547201194, -0.62669433485042
 54.48779, -0.62504
 54.48703, -0.62302
 54.485092163086, -0.61620712280273
 54.485359191895, -0.61457633972168
 54.485149383545, -0.61511993408203
 54.485168457031, -0.61514854431152
 54.485168457031, -0.61511993408203
 54.485168457031, -0.61506271362305
 54.485015869141, -0.61786651611328
 54.484768, -0.615079
 54.484768, -0.615079
 54.483128, -0.61407
 54.474998, -0.616629
 54.470356, -0.627229
 54.465443, -0.636735
 54.463036, -0.649127
 54.461014, -0.663879
 54.454449, -0.675198
 54.450905, -0.683352
 54.448166, -0.693909
 54.443657, -0.704906
 54.441685, -0.718617
 54.435402, -0.724915
 54.428513, -0.731428
 54.421402, -0.733284
 54.411507, -0.736942
 54.408356, -0.725913
 54.406475, -0.713789
 54.398811, -0.710646
 54.391533, -0.704069
 54.385616, -0.7007
 54.376015, -0.694896
 54.36924, -0.688995
 54.365929, -0.699606
 54.360107, -0.711172
 54.353268, -0.708876
 54.346039, -0.703672
 54.342674, -0.714444
 54.339176, -0.725462
 54.331188, -0.728402
 54.32637, -0.740064
 54.32233, -0.74824
 54.313332, -0.751544
 54.308552, -0.74457
 54.308552, -0.74457
 54.286484, -0.730258
 54.284489, -0.728434
 54.279125, -0.723199
 54.269352, -0.726031
 54.263908, -0.734271
 54.262478, -0.74721
 54.2607, -0.760353
 54.256577, -0.770684
 54.249306, -0.778399
 54.246978759766, -0.77839851379395
 54.246940612793, -0.77842712402344
 54.246845245361, -0.77845573425293
 54.244728088379, -0.77719688415527
 54.244365692139, -0.77548027038574
 54.243583679199, -0.77422142028809
 54.242343902588, -0.77147483825684
 54.241218566895, -0.7682991027832
 54.240570068359, -0.76563835144043
 54.240570068359, -0.76563835144043
 54.240570068359, -0.76563835144043
 54.238033294678, -0.7532787322998
 54.236907958984, -0.73685646057129
 54.237995147705, -0.71010589599609
 54.235382080078, -0.67508697509766
 54.235687255859, -0.64141273498535
 54.232273101807, -0.60816764831543
 54.226665496826, -0.58027267456055
 54.228019714355, -0.54865837097168
 54.237575531006, -0.5185604095459
 54.248142242432, -0.48932075500488
 54.254455566406, -0.46854972839355
 54.263935089111, -0.44305801391602
 54.276237487793, -0.43270111083984
 54.278659820557, -0.42022705078125
 54.284896850586, -0.41650772094727
 54.289016723633, -0.40812492370605
 54.290008544922, -0.40766716003418
 54.292449951172, -0.40872573852539
 54.292449951172, -0.40872573852539
 54.292449951172, -0.40872573852539
 54.292449951172, -0.40872573852539
 54.292449951172, -0.40872573852539
 54.2933376, -0.4115267
 54.2922454, -0.4094581
 54.2922454, -0.4094581
 54.2922454, -0.4094581
 54.2922454, -0.4094581
 54.2922454, -0.4094581
 54.2922454, -0.4094581
 54.2922454, -0.4094581
 54.2922454, -0.4094581
 54.2922454, -0.4094581
 54.2922454, -0.4094581
 54.296169281006, -0.41104316711426
 54.296169281006, -0.41104316711426
 54.296169281006, -0.41104316711426
 54.296169281006, -0.41104316711426
 54.296169281006, -0.41104316711426
 54.2922454, -0.4094581
 54.2922454, -0.4094581
 54.2922454, -0.4094581
 54.2922454, -0.4094581
 54.2922454, -0.4094581
 54.2922454, -0.4094581
 54.2922454, -0.4094581
 54.2922454, -0.4094581
 54.2926864, -0.4075953
 54.2925552, -0.4068716
 54.29007, -0.40288
 54.28877, -0.40033
 54.28804, -0.39758
 54.28798, -0.39493
 54.28967, -0.39101
 54.29011, -0.39009
 54.29048, -0.38773
 54.28953, -0.38613
 54.28765, -0.38484
 54.28539, -0.3851
 54.284002, -0.386748
 54.2844581604, -0.38615226745605
 54.283905029297, -0.3900146484375
 54.283657073975, -0.39301872253418
 54.281768798828, -0.3962516784668
 54.279193878174, -0.39782524108887
 54.278106689453, -0.40017127990723
 54.276180267334, -0.40268898010254
 54.275302886963, -0.40257453918457
 54.272480010986, -0.40283203125
 54.271221160889, -0.40237426757812
 54.270420074463, -0.40148735046387
 54.264163970947, -0.3943920135498
 54.251441955566, -0.38331985473633
 54.240856170654, -0.36334991455078
 54.227275848389, -0.33791542053223
 54.219532012939, -0.318603515625
 54.216384887695, -0.30535697937012
 54.215812683105, -0.30335426330566
 54.21501159668, -0.30072212219238
 54.214420318604, -0.29869079589844
 54.21365737915, -0.29457092285156
 54.212684631348, -0.29093742370605
 54.210433959961, -0.29251098632812
 54.209995269775, -0.29542922973633
 54.207706451416, -0.29880523681641
 54.20467376709, -0.30192375183105
 54.202556610107, -0.30335426330566
 54.191493988037, -0.29894828796387
 54.176502227783, -0.28761863708496
 54.159717559814, -0.27591705322266
 54.153289794922, -0.26710510253906
 54.131145477295, -0.22782325744629
 54.110641479492, -0.21546363830566
 54.101676940918, -0.21231651306152
 54.095668792725, -0.21017074584961
 54.095191955566, -0.20888328552246
 54.094161987305, -0.20576477050781
 54.091892242432, -0.20424842834473
 54.089450836182, -0.20359039306641
 54.087886810303, -0.20281791687012
 54.086151123047, -0.20150184631348
 54.084453582764, -0.2017879486084
 54.082851409912, -0.20247459411621
 54.08203125, -0.20413398742676
 54.080848693848, -0.20456314086914
 54.079475402832, -0.20490646362305
 54.078273773193, -0.20527839660645
 54.077129364014, -0.20559310913086
 54.076194763184, -0.20696640014648
 54.075527191162, -0.2079963684082
 54.074211120605, -0.21034240722656
 54.064540863037, -0.22576332092285
 54.050254821777, -0.24227142333984
 54.028034210205, -0.24473190307617
 54.009113311768, -0.24776458740234
 53.993587493896, -0.27325630187988
 53.974189758301, -0.27517318725586
 53.956336975098, -0.27520179748535
 53.935203552246, -0.28916358947754
 53.913269042969, -0.29477119445801
 53.893127441406, -0.29840469360352
 53.883800506592, -0.30235290527344
 53.883800506592, -0.30235290527344
 53.883800506592, -0.30235290527344
 53.865776062012, -0.39070129394531
 53.865737915039, -0.3907585144043
 53.865737915039, -0.3907299041748
 53.865718841553, -0.39070129394531
 53.865737915039, -0.39070129394531
 53.865737915039, -0.39093017578125
 53.865737915039, -0.39078712463379
 53.855285644531, -0.41399002075195
 53.848075866699, -0.42680740356445
 53.848075866699, -0.42680740356445
 53.845233917236, -0.43092727661133
 53.843822479248, -0.43046951293945
 53.843822479248, -0.43046951293945
 53.843822479248, -0.43046951293945
 53.843822479248, -0.43046951293945
 53.843822479248, -0.43046951293945
 53.837063748483, -0.43314340409626
 53.837550717381, -0.43029598737324
 53.838060578395, -0.42654068546359
 53.83925915074, -0.42359953652941
 53.838564501007, -0.41974052564837
 53.838819283558, -0.41716500933762
 53.839149475098, -0.4131031036377
 53.839149475098, -0.4131031036377
 53.839149475098, -0.4131031036377
 53.817005157471, -0.38477897644043
 53.802700042725, -0.37176132202148
 53.794288635254, -0.36160469055176
 53.793125152588, -0.3482723236084
 53.793926239014, -0.34549713134766
 53.794841766357, -0.34220695495605
 53.795509338379, -0.3394889831543
 53.79638671875, -0.33677101135254
 53.797225952148, -0.33419609069824
 53.797645568848, -0.33182144165039
 53.797054290771, -0.32838821411133
 53.7961769104, -0.32598495483398
 53.794212341309, -0.32361030578613
 53.791790008545, -0.32106399536133
 53.789577484131, -0.31868934631348
 53.787326812744, -0.31608581542969
 53.78568649292, -0.31373977661133
 53.78511428833, -0.31299591064453
 53.782920837402, -0.30796051025391
 53.782291412354, -0.30309677124023
 53.780574798584, -0.29946327209473
 53.779392242432, -0.29634475708008
 53.778533935547, -0.29299736022949
 53.777656555176, -0.29010772705078
 53.776912689209, -0.28587341308594
 53.776512145996, -0.28135299682617
 53.775253295898, -0.2783203125
 53.774337768555, -0.27591705322266
 53.773670196533, -0.27225494384766
 53.772869110107, -0.26833534240723
 53.771953582764, -0.27133941650391
 53.771076202393, -0.27402877807617
 53.770160675049, -0.2768611907959
 53.769226074219, -0.27975082397461
 53.76823425293, -0.28278350830078
 53.767395019531, -0.28515815734863
 53.767013549805, -0.28630256652832
 53.766632080078, -0.28741836547852
 53.766231536865, -0.28847694396973
 53.764972686768, -0.29168128967285
 53.764095306396, -0.29376983642578
 53.762798309326, -0.29685974121094
 53.761825561523, -0.29937744140625
 53.760452270508, -0.3028678894043
 53.759078979492, -0.30527114868164
 53.75732421875, -0.30790328979492
 53.755187988281, -0.31113624572754
 53.753662109375, -0.31359672546387
 53.751850128174, -0.3160285949707
 53.749904632568, -0.31459808349609
 53.746585845947, -0.31351089477539
 53.74662399292, -0.31476974487305
 53.74662399292, -0.31476974487305
 53.745231628418, -0.32418251037598
 53.745307922363, -0.32853126525879
 53.744964599609, -0.33016204833984
 53.744201660156, -0.33365249633789
 53.744010925293, -0.33594131469727
 53.743934631348, -0.33771514892578
 53.743534088135, -0.33997535705566
 53.743495941162, -0.34177780151367
 53.743267059326, -0.34420967102051
 53.743057250977, -0.34727096557617
 53.742980957031, -0.34941673278809
 53.742904663086, -0.35233497619629
 53.743019104004, -0.35516738891602
 53.743076324463, -0.35785675048828
 53.743209838867, -0.36140441894531
 53.743286132812, -0.36332130432129
 53.743534088135, -0.36618232727051
 53.743782043457, -0.36958694458008
 53.743762969971, -0.37210464477539
 53.743762969971, -0.37210464477539
 53.743762969971, -0.37210464477539
