 51.608028411865, -0.067720413208008
 51.608028411865, -0.067720413208008
 51.608028411865, -0.067720413208008
 51.608028411865, -0.067720413208008
 51.608028411865, -0.067720413208008
 51.608028411865, -0.067720413208008
 51.608028411865, -0.067720413208008
 51.608028411865, -0.067720413208008
 51.608028411865, -0.067720413208008
 51.608028411865, -0.067720413208008
 51.608028411865, -0.067720413208008
 51.608028411865, -0.067720413208008
 51.608028411865, -0.067720413208008
 51.608028411865, -0.067720413208008
 51.608028411865, -0.067720413208008
 51.608028411865, -0.067720413208008
 51.608028411865, -0.067720413208008
 51.608028411865, -0.067720413208008
 51.608028411865, -0.067720413208008
 51.608028411865, -0.067720413208008
 51.608028411865, -0.067720413208008
 51.608028411865, -0.067720413208008
 51.608028411865, -0.067720413208008
 51.608028411865, -0.067720413208008
 51.608028411865, -0.067720413208008
 51.608028411865, -0.067720413208008
 51.608028411865, -0.067720413208008
 51.608028411865, -0.067720413208008
 51.608028411865, -0.067720413208008
 51.608028411865, -0.067720413208008
 51.608028411865, -0.067720413208008
 51.608028411865, -0.067720413208008
 51.608028411865, -0.067720413208008
 51.608028411865, -0.067720413208008
 51.608028411865, -0.067720413208008
 51.608028411865, -0.067720413208008
 51.608028411865, -0.067720413208008
 51.608028411865, -0.067720413208008
 51.608028411865, -0.067720413208008
 51.543407440186, -0.15149116516113
 51.543197631836, -0.15063285827637
 51.542854309082, -0.14854431152344
 51.542015075684, -0.14619827270508
 51.540946960449, -0.1446533203125
 51.538715362549, -0.14250755310059
 51.536560058594, -0.14053344726562
 51.608028411865, -0.067720413208008
 51.608028411865, -0.067720413208008
 51.535549163818, -0.13409614562988
 51.534805297852, -0.13120651245117
 51.608028411865, -0.067720413208008
 51.534690856934, -0.12454032897949
 51.53341293335, -0.12465476989746
 51.535912, -0.12763
 51.535912, -0.12763
 51.535912, -0.12763
 51.535912, -0.12763
 51.53341293335, -0.12459754943848
 51.608028411865, -0.067720413208008
 51.533393859863, -0.12456893920898
 51.53341293335, -0.12456893920898
 51.533432006836, -0.12462615966797
 51.608028411865, -0.067720413208008
 51.608028411865, -0.067720413208008
 51.608028411865, -0.067720413208008
 51.53341293335, -0.12462615966797
 51.608028411865, -0.067720413208008
 51.530284881592, -0.12419700622559
 51.530876159668, -0.12245178222656
 51.608028411865, -0.067720413208008
 51.533603668213, -0.1201343536377
 51.533603668213, -0.11941909790039
 51.533641815186, -0.11870384216309
 51.534481048584, -0.11727333068848
 51.53564453125, -0.11684417724609
 51.537837982178, -0.11650085449219
 51.540069580078, -0.11690139770508
 51.542282104492, -0.11690139770508
 51.543083190918, -0.113525390625
 51.543941497803, -0.10997772216797
 51.608028411865, -0.067720413208008
 51.545562744141, -0.10519981384277
 51.545829772949, -0.10225296020508
 51.543922424316, -0.10331153869629
 51.542930603027, -0.10319709777832
 51.541481018066, -0.10288238525391
 51.608028411865, -0.067720413208008
 51.539402008057, -0.10239601135254
 51.538429260254, -0.10228157043457
 51.53736114502, -0.1029109954834
 51.53636932373, -0.10351181030273
 51.534957885742, -0.10434150695801
 51.608028411865, -0.067720413208008
 51.531772613525, -0.106201171875
 51.529903411865, -0.10531425476074
 51.608028411865, -0.067720413208008
 51.608028411865, -0.067720413208008
 51.525173187256, -0.11040687561035
 51.523399353027, -0.1084041595459
 51.522026062012, -0.10683059692383
 51.52042388916, -0.10597229003906
 51.608028411865, -0.067720413208008
 51.518459320068, -0.10537147521973
 51.517200469971, -0.10505676269531
 51.516151428223, -0.10488510131836
 51.516151428223, -0.10488510131836
 51.516151428223, -0.10488510131836
 51.516151428223, -0.10488510131836
 51.516151428223, -0.10488510131836
 51.508502, -0.098619
 51.608028411865, -0.067720413208008
 51.513156890869, -0.096330642700195
 51.513156890869, -0.096330642700195
 51.518402099609, -0.093097686767578
 51.518383026123, -0.093069076538086
 51.518402099609, -0.093040466308594
 51.518306732178, -0.093069076538086
 51.518669128418, -0.093183517456055
 51.518573760986, -0.09312629699707
 51.518592834473, -0.09312629699707
 51.518592834473, -0.09312629699707
 51.518592834473, -0.09312629699707
 51.608028411865, -0.067720413208008
 51.516151428223, -0.097017288208008
 51.514205932617, -0.094671249389648
 51.513843536377, -0.092439651489258
 51.608028411865, -0.067720413208008
 51.513843536377, -0.092439651489258
 51.513843536377, -0.092439651489258
 51.608028411865, -0.067720413208008
 51.518584, -0.105379
 51.608028411865, -0.067720413208008
 51.512031555176, -0.098333358764648
 51.507549285889, -0.10434150695801
 51.505851745605, -0.10073661804199
 51.506614685059, -0.097846984863281
 51.506595611572, -0.097846984863281
 51.608028411865, -0.067720413208008
 51.506595611572, -0.097846984863281
 51.506595611572, -0.097846984863281
 51.506595611572, -0.097846984863281
 51.608028411865, -0.067720413208008
 51.608028411865, -0.067720413208008
 51.501197814941, -0.093069076538086
 51.499500274658, -0.092010498046875
 51.498680114746, -0.091152191162109
 51.497917175293, -0.090093612670898
 51.497917175293, -0.090093612670898
 51.497917175293, -0.090093612670898
 51.49227142334, -0.082998275756836
 51.491432189941, -0.081939697265625
 51.489295959473, -0.078706741333008
 51.488418579102, -0.076875686645508
 51.487274169922, -0.074987411499023
 51.49227142334, -0.082998275756836
 51.483039855957, -0.073957443237305
 51.480941772461, -0.073528289794922
 51.479587554932, -0.071325302124023
 51.477432250977, -0.070152282714844
 51.475620269775, -0.069179534912109
 51.49227142334, -0.082998275756836
 51.473369598389, -0.071353912353516
 51.49227142334, -0.082998275756836
 51.472854614258, -0.074615478515625
 51.47253036499, -0.07390022277832
 51.47253036499, -0.07390022277832
 51.49227142334, -0.082998275756836
 51.472492218018, -0.073928833007812
 51.472492218018, -0.07390022277832
 51.472492218018, -0.073871612548828
 51.472549438477, -0.07390022277832
 51.49227142334, -0.082998275756836
 51.472549438477, -0.07390022277832
 51.49227142334, -0.082998275756836
 51.472549438477, -0.07390022277832
 51.49227142334, -0.082998275756836
 51.474086, -0.092998
 51.49227142334, -0.082998275756836
 51.49227142334, -0.082998275756836
 51.49227142334, -0.082998275756836
 51.474086, -0.092998
 51.49227142334, -0.082998275756836
 51.474086, -0.092998
 51.474086, -0.092998
 51.474086, -0.092998
 51.474086, -0.092998
 51.474086, -0.092998
 51.474086, -0.092998
 51.472549438477, -0.07390022277832
 51.472492218018, -0.073928833007812
 51.472568511963, -0.074014663696289
 51.472225189209, -0.074014663696289
 51.472606658936, -0.074615478515625
 51.49227142334, -0.082998275756836
 51.473827362061, -0.080051422119141
 51.473731994629, -0.08331298828125
 51.47346496582, -0.086631774902344
 51.473693847656, -0.088920593261719
 51.474151611328, -0.091953277587891
 51.47310256958, -0.093069076538086
 51.471099853516, -0.093927383422852
 51.4697265625, -0.096187591552734
 51.467819213867, -0.098991394042969
 51.466751098633, -0.10022163391113
 51.49227142334, -0.082998275756836
 51.464347839355, -0.10396957397461
 51.463623046875, -0.10605812072754
 51.462879180908, -0.10811805725098
 51.49227142334, -0.082998275756836
 51.461429595947, -0.11458396911621
 51.461296081543, -0.11538505554199
 51.49227142334, -0.082998275756836
 51.460266113281, -0.11916160583496
 51.49227142334, -0.082998275756836
 51.459522247314, -0.12422561645508
 51.49227142334, -0.082998275756836
 51.459693908691, -0.12940406799316
 51.459484100342, -0.13237953186035
 51.460056304932, -0.13469696044922
 51.461124420166, -0.13641357421875
 51.461086273193, -0.13956069946289
 51.461181640625, -0.14107704162598
 51.46125793457, -0.14636993408203
 51.461887359619, -0.14911651611328
 51.49227142334, -0.082998275756836
 51.466598510742, -0.15060424804688
 51.468715667725, -0.15011787414551
 51.470813751221, -0.14925956726074
 51.473274230957, -0.14820098876953
 51.475105285645, -0.14634132385254
 51.49227142334, -0.082998275756836
 51.47928237915, -0.14860153198242
 51.49227142334, -0.082998275756836
 51.48286819458, -0.14931678771973
 51.48494720459, -0.14991760253906
 51.4866065979, -0.15100479125977
 51.488513946533, -0.15406608581543
 51.489295959473, -0.1552677154541
 51.49227142334, -0.082998275756836
 51.49227142334, -0.15764236450195
 51.491794586182, -0.1593017578125
 51.490802764893, -0.16116142272949
 51.490383148193, -0.16190528869629
 51.48889541626, -0.16508102416992
 51.49227142334, -0.082998275756836
 51.487369537354, -0.16880035400391
 51.48624420166, -0.17168998718262
 51.49227142334, -0.082998275756836
 51.484432220459, -0.17566680908203
 51.49227142334, -0.082998275756836
 51.48250579834, -0.17867088317871
 51.49227142334, -0.082998275756836
 51.481761932373, -0.18376350402832
 51.483135223389, -0.18516540527344
 51.49227142334, -0.082998275756836
 51.480464935303, -0.18877029418945
 51.480121612549, -0.19134521484375
 51.480236053467, -0.19268989562988
 51.480045318604, -0.19512176513672
 51.480178833008, -0.19826889038086
 51.480808258057, -0.19906997680664
 51.482772827148, -0.20047187805176
 51.485176086426, -0.20233154296875
 51.49227142334, -0.082998275756836
 51.488418579102, -0.20427703857422
 51.489448547363, -0.20610809326172
 51.490898132324, -0.20693778991699
 51.49227142334, -0.082998275756836
 51.493740081787, -0.20977020263672
 51.49450302124, -0.21085739135742
 51.495227813721, -0.21125793457031
 51.495819091797, -0.20942687988281
 51.496257781982, -0.20705223083496
 51.496963500977, -0.20527839660645
 51.49227142334, -0.082998275756836
 51.499137878418, -0.20190238952637
 51.500415802002, -0.20513534545898
 51.501159667969, -0.2057933807373
 51.501159667969, -0.2058219909668
 51.501235961914, -0.2057933807373
 51.501140594482, -0.2058219909668
 51.501178741455, -0.2058219909668
 51.49227142334, -0.082998275756836
 51.501216888428, -0.20576477050781
 51.501083374023, -0.2057933807373
 51.501541137695, -0.20607948303223
 51.502685546875, -0.2072811126709
 51.49227142334, -0.082998275756836
 51.506195068359, -0.20951271057129
 51.505794525146, -0.21328926086426
 51.50426864624, -0.21629333496094
 51.49227142334, -0.082998275756836
 51.503582000732, -0.22278785705566
 51.504878997803, -0.22456169128418
 51.505241394043, -0.22461891174316
 51.49227142334, -0.082998275756836
 51.507396697998, -0.2244758605957
 51.508121490479, -0.22436141967773
 51.510887145996, -0.22464752197266
 51.512756347656, -0.22533416748047
 51.49227142334, -0.082998275756836
 51.513137817383, -0.22722244262695
 51.512928009033, -0.22733688354492
 51.512928009033, -0.22710800170898
 51.512584686279, -0.22607803344727
 51.512546539307, -0.22622108459473
 51.510410308838, -0.23074150085449
 51.509914398193, -0.23354530334473
 51.510963439941, -0.22976875305176
 51.506385803223, -0.23285865783691
 51.506099700928, -0.23031234741211
 51.50562286377, -0.22710800170898
 51.505241394043, -0.22533416748047
 51.510963439941, -0.22976875305176
 51.504230499268, -0.21918296813965
 51.504669189453, -0.21743774414062
 51.504936218262, -0.21529197692871
 51.50541305542, -0.2131462097168
 51.506061553955, -0.20999908447266
 51.506843566895, -0.20685195922852
 51.507892608643, -0.20330429077148
 51.508712768555, -0.19964218139648
 51.508941650391, -0.19732475280762
 51.509227752686, -0.19586563110352
 51.509304046631, -0.19500732421875
 51.509647369385, -0.19392013549805
 51.510105133057, -0.19002914428711
 51.51029586792, -0.1878833770752
 51.510543823242, -0.18476486206055
 51.510734558105, -0.1823902130127
 51.511077880859, -0.17970085144043
 51.511402130127, -0.17818450927734
 51.512603759766, -0.17560958862305
 51.511917114258, -0.17363548278809
 51.512069702148, -0.17246246337891
 51.512393951416, -0.16842842102051
 51.512641906738, -0.16708374023438
 51.513042449951, -0.16264915466309
 51.513195037842, -0.16090393066406
 51.513175964355, -0.16047477722168
 51.513214111328, -0.16056060791016
 51.513214111328, -0.16056060791016
 51.513233184814, -0.16050338745117
 51.513347625732, -0.15944480895996
 51.513423919678, -0.15841484069824
 51.513481140137, -0.15835762023926
 51.513767242432, -0.1556396484375
 51.513919830322, -0.15466690063477
 51.514186859131, -0.15263557434082
 51.514186859131, -0.15263557434082
 51.514186859131, -0.15263557434082
 51.514186859131, -0.15263557434082
 51.514186859131, -0.15263557434082
 51.515159606934, -0.14382362365723
 51.515426635742, -0.14204978942871
 51.515426635742, -0.14204978942871
 51.512718200684, -0.1402473449707
 51.510753631592, -0.1384449005127
 51.510372161865, -0.13758659362793
 51.510925292969, -0.13378143310547
 51.511497497559, -0.13298034667969
 51.512508392334, -0.13003349304199
 51.513233184814, -0.12894630432129
 51.511745452881, -0.12837409973145
 51.509208679199, -0.12725830078125
 51.50785446167, -0.12702941894531
 51.507720947266, -0.12720108032227
 51.507720947266, -0.12720108032227
 51.507720947266, -0.12720108032227
 51.505393981934, -0.12691497802734
 51.50318145752, -0.12599945068359
 51.503143310547, -0.12605667114258
 51.503124237061, -0.12602806091309
 51.502723693848, -0.12602806091309
 51.501922607422, -0.12602806091309
 51.501445770264, -0.12611389160156
 51.500606536865, -0.12622833251953
 51.50053024292, -0.12622833251953
 51.50053024292, -0.12622833251953
 51.501312255859, -0.12754440307617
 51.501369476318, -0.1292610168457
 51.5012550354, -0.13086318969727
 51.501007080078, -0.13223648071289
 51.50089263916, -0.13343811035156
 51.500720977783, -0.1351261138916
 51.500720977783, -0.13518333435059
 51.500720977783, -0.13615608215332
 51.500511169434, -0.13795852661133
 51.500511169434, -0.13795852661133
 51.500511169434, -0.13795852661133
 51.500339508057, -0.13993263244629
 51.500339508057, -0.13993263244629
 51.500339508057, -0.13993263244629
 51.500339508057, -0.13993263244629
 51.505684, -0.155654
 51.505684, -0.155654
 51.505684, -0.155654
 51.505684, -0.155654
 51.505684, -0.155654
 51.502552032471, -0.15134811401367
 51.503257751465, -0.15229225158691
 51.503257751465, -0.15229225158691
 51.503257751465, -0.15229225158691
 51.503257751465, -0.15229225158691
 51.503257751465, -0.15229225158691
 51.505684, -0.155654
 51.505684, -0.155654
 51.504154205322, -0.15223503112793
 51.504192352295, -0.15229225158691
 51.504192352295, -0.15229225158691
 51.504192352295, -0.15229225158691
 51.504192352295, -0.15229225158691
