 57.543609, -4.048376
 57.543609, -4.048376
 57.543609, -4.048376
 57.543609, -4.048376
 57.543609, -4.048376
 57.543609, -4.048376
 57.543609, -4.048376
 57.543609, -4.048376
 57.543609, -4.048376
 57.543609, -4.048376
 57.543609, -4.048376
 57.543609, -4.048376
 57.543609, -4.048376
 57.543609, -4.048376
 57.543609, -4.048376
 57.543609, -4.048376
 57.543609, -4.048376
 57.543609, -4.048376
 57.543609, -4.048376
 57.543609, -4.048376
 57.543609, -4.048376
 57.543609, -4.048376
 57.543609, -4.048376
 57.543609, -4.048376
 57.543609, -4.048376
 57.543609, -4.048376
 57.543609, -4.048376
 57.543609, -4.048376
 57.543609, -4.048376
 57.719589, -3.901492
 57.719589, -3.901492
 57.837814, -3.807401
 57.955849, -3.713118
 57.955849, -3.713118
 58.049583, -3.638877
 58.160763, -3.551205
 58.160763, -3.551205
 58.273167, -3.461354
 58.349201, -3.400012
 58.437317, -3.32999
 58.510883, -3.270003
 58.589821, -3.207399
 58.589821, -3.207399
 58.667225, -3.145117
 58.741871, -3.084026
 58.82431, -3.017555
 58.911541, -2.946192
 58.957976, -2.905025
 58.957976, -2.905025
 58.957976, -2.905025
 58.957976, -2.905025
 58.957976, -2.905025
 58.957976, -2.905025
 58.957976, -2.905025
 58.957976, -2.905025
 58.957976, -2.905025
 58.957976, -2.905025
 58.957976, -2.905025
 58.957976, -2.905025
 58.957976, -2.905025
 58.957976, -2.905025
 58.957976, -2.905025
 58.957976, -2.905025
 58.957976, -2.905025
 58.981424561573, -2.9602648301621
 58.981424561573, -2.9602648301621
 58.981424561573, -2.9602648301621
 58.981424561573, -2.9602648301621
 58.981424561573, -2.9602648301621
 58.981424561573, -2.9602648301621
 58.982822902456, -2.9592856949014
 58.984772, -2.958605
 58.984081, -2.96028
 58.982109, -2.96247
 58.980106, -2.963294
 58.979973, -2.963326
 58.976372, -2.96335
 58.9748, -2.96317
 58.972645, -2.961041
 58.971912621497, -2.957287252644
 58.970978267546, -2.9537464992757
 58.972469, -2.952844
 58.975405977069, -2.9540970816129
 58.976482, -2.954335
 58.978462, -2.955601
 58.980453, -2.956181
 58.981082410674, -2.9597046411958
 58.982240992863, -2.9599586025429
 58.984077, -2.960418
 58.984585, -2.963723
 58.985088, -2.96751
 58.986092, -2.97076
 58.984348714912, -2.971740483431
 58.982533383822, -2.971548353743
 58.981662740297, -2.9745656700526
 58.983041345892, -2.975281465734
 58.982258511899, -2.9754738241439
 58.982800406393, -2.974800047885
 58.982800406393, -2.974800047885
 58.982800406393, -2.974800047885
 58.982800406393, -2.974800047885
 58.982800406393, -2.974800047885
 58.982800406393, -2.974800047885
 58.982800406393, -2.974800047885
 58.982800406393, -2.974800047885
 58.982800406393, -2.974800047885
 58.982800406393, -2.974800047885
 58.982800406393, -2.974800047885
 58.982800406393, -2.974800047885
 58.982800406393, -2.974800047885
 58.982800406393, -2.974800047885
 58.982800406393, -2.974800047885
 58.982800406393, -2.974800047885
 58.982800406393, -2.974800047885
 58.982800406393, -2.974800047885
 58.982800406393, -2.974800047885
 58.982800406393, -2.974800047885
 58.982800406393, -2.974800047885
 58.982800406393, -2.974800047885
 58.982800406393, -2.974800047885
 58.982800406393, -2.974800047885
 58.982800406393, -2.974800047885
 58.982800406393, -2.974800047885
 58.982800406393, -2.974800047885
 58.982800406393, -2.974800047885
 58.982800406393, -2.974800047885
 58.982800406393, -2.974800047885
 58.982800406393, -2.974800047885
 58.982800406393, -2.974800047885
 58.982800406393, -2.974800047885
 58.982800406393, -2.974800047885
 58.982800406393, -2.974800047885
 58.982800406393, -2.974800047885
 58.982800406393, -2.974800047885
 58.982800406393, -2.974800047885
 58.982800406393, -2.974800047885
 58.957976, -2.905025
 58.957976, -2.905025
 58.957976, -2.905025
 58.957976, -2.905025
 58.957976, -2.905025
 58.957976, -2.905025
 58.957976, -2.905025
 58.957976, -2.905025
 58.957976, -2.905025
 58.957976, -2.905025
 58.957976, -2.905025
 58.957976, -2.905025
 58.957976, -2.905025
 58.957976, -2.905025
 58.957976, -2.905025
 58.957976, -2.905025
 58.957976, -2.905025
 59.019936, -2.799698
 59.019936, -2.799698
 59.067326, -2.720731
 59.128803, -2.610238
 59.128803, -2.610238
 59.204254, -2.477147
 59.204254, -2.477147
 59.263725, -2.373796
 59.319366, -2.275285
 59.319366, -2.275285
 59.378548, -2.17104
 59.378548, -2.17104
 59.446365, -2.051101
 59.446365, -2.051101
 59.516258, -1.925848
 59.577015, -1.824405
 59.577015, -1.824405
 59.647079, -1.7001
 59.647079, -1.7001
 59.715096, -1.581039
 59.715096, -1.581039
 59.776962, -1.473408
 59.776962, -1.473408
 59.845547, -1.35214
 59.878601, -1.295786
 59.878601, -1.295786
 59.878601, -1.295786
 59.878601, -1.295786
 59.878601, -1.295786
 59.878601, -1.295786
 59.878601, -1.295786
 59.878601, -1.295786
 59.878601, -1.295786
 59.878601, -1.295786
 59.878601, -1.295786
 59.878601, -1.295786
 59.878601, -1.295786
 59.878601, -1.295786
 59.878601, -1.295786
 59.878601, -1.295786
 59.878601, -1.295786
 60.144474, -1.162877
 60.144474, -1.162877
 60.144474, -1.162877
 60.144474, -1.162877
 60.144474, -1.162877
 60.144474, -1.162877
 60.144474, -1.162877
 60.144474, -1.162877
 60.144474, -1.162877
 60.144474, -1.162877
 60.144474, -1.162877
 60.144474, -1.162877
 60.144474, -1.162877
 60.144474, -1.162877
 60.144474, -1.162877
 60.144474, -1.162877
 60.144474, -1.162877
 60.144474, -1.162877
 60.154414192628, -1.1599445551063
 60.156212, -1.159283
 60.157741707011, -1.1573104929743
 60.157375577205, -1.1553862274171
 60.157089235465, -1.1509700356618
 60.155553902159, -1.1500833313011
 60.154368567841, -1.1493254212839
 60.151861065814, -1.148084091336
 60.151829, -1.1455
 60.153549, -1.146408
 60.154968, -1.14633
 60.157501, -1.14762
 60.157249, -1.145571
 60.155646717104, -1.143514512961
 60.153892703476, -1.1428464930076
 60.153122724309, -1.1404016748903
 60.152379150007, -1.1368802088072
 60.151067906844, -1.1355447641327
 60.149008510461, -1.1341099423804
 60.14755364307, -1.1384089656723
 60.146721628803, -1.1383058165602
 60.146276197617, -1.1392358217815
 60.147588952767, -1.1420714519498
 60.148948171914, -1.1436234417126
 60.150258867322, -1.1469878661996
 60.151073287954, -1.149129971176
 60.151775570927, -1.1513806728183
 60.150787950133, -1.1540594944
 60.149609418585, -1.1570952578514
 60.148739, -1.16028
 60.14737831646, -1.1651673257353
 60.148223947024, -1.1653732840702
 60.149539107731, -1.1655647220317
 60.149539107731, -1.1655647220317
 60.149539107731, -1.1655647220317
 60.149539107731, -1.1655647220317
 60.149539107731, -1.1655647220317
 60.149539107731, -1.1655647220317
 60.149539107731, -1.1655647220317
 60.153553831338, -1.164179266682
 60.153553831338, -1.164179266682
 60.153553831338, -1.164179266682
 60.153553831338, -1.164179266682
 60.153553831338, -1.164179266682
 60.153553831338, -1.164179266682
 60.153553831338, -1.164179266682
 60.153553831338, -1.164179266682
 60.153618709335, -1.1638673337636
 60.15350487758, -1.1628913257645
 60.154155645419, -1.1626782712053
 60.154643899844, -1.1618622820775
 60.154643899844, -1.1618622820775
 60.154643899844, -1.1618622820775
 60.154643899844, -1.1618622820775
 60.154643899844, -1.1618622820775
 60.154643899844, -1.1618622820775
 60.154643899844, -1.1618622820775
 60.154643899844, -1.1618622820775
 60.154643899844, -1.1618622820775
 60.154643899844, -1.1618622820775
 60.154643899844, -1.1618622820775
 60.154643899844, -1.1618622820775
 60.154643899844, -1.1618622820775
 60.153664, -1.163515
 60.153664, -1.163515
 60.153664, -1.163515
 60.153664, -1.163515
 60.153664, -1.163515
 60.153664, -1.163515
 60.153664, -1.163515
 60.153664, -1.163515
 60.153664, -1.163515
 60.153664, -1.163515
 60.153664, -1.163515
 60.153664, -1.163515
 60.153664, -1.163515
 60.134956, -1.172243
 60.111423, -1.183923
 60.086052, -1.19593
 60.086052, -1.19593
 60.061195, -1.208028
 60.030846, -1.222995
 60.030846, -1.222995
 60.00156, -1.237254
 59.970448, -1.25201
 59.970448, -1.25201
 59.944637, -1.264311
 59.919662, -1.276251
 59.919662, -1.276251
 59.891975, -1.288794
 59.878601, -1.295786
 59.878601, -1.295786
 59.878601, -1.295786
 59.878601, -1.295786
 59.878601, -1.295786
 59.878601, -1.295786
 59.878601, -1.295786
 59.878601, -1.295786
 59.878601, -1.295786
 59.878601, -1.295786
 59.878601, -1.295786
 59.878601, -1.295786
 59.878601, -1.295786
 59.878601, -1.295786
 59.878601, -1.295786
 59.878601, -1.295786
 59.878601, -1.295786
 59.878601, -1.295786
 59.878601, -1.295786
 59.878601, -1.295786
 59.878601, -1.295786
 59.784145, -1.586061
 59.784145, -1.586061
 59.692604, -1.864019
 59.692604, -1.864019
 59.588348, -2.18029
 59.588348, -2.18029
 59.492264, -2.475136
 59.492264, -2.475136
 59.397724, -2.754241
 59.397724, -2.754241
 59.297707, -3.070703
 59.297707, -3.070703
 59.210819, -3.345165
 59.210819, -3.345165
 59.115032, -3.626848
 59.115032, -3.626848
 59.016575, -3.920413
 59.016575, -3.920413
 59.016575, -3.920413
 58.898903, -4.280669
 58.898903, -4.280669
 58.777504, -4.648516
 58.777504, -4.648516
 58.777504, -4.648516
 58.66267, -4.995242
 58.66267, -4.995242
 58.570065, -5.279519
 58.570065, -5.279519
 58.475994, -5.555142
 58.475994, -5.555142
 58.396759, -5.790803
 58.332153, -5.976049
 58.332153, -5.976049
 58.213792, -6.330614
 58.213792, -6.330614
 58.213792, -6.330614
 58.213792, -6.330614
 58.213792, -6.330614
 58.213792, -6.330614
 58.213792, -6.330614
 58.213792, -6.330614
 58.213792, -6.330614
 58.213792, -6.330614
 58.213792, -6.330614
 58.213792, -6.330614
 58.213792, -6.330614
 58.213792, -6.330614
 58.213792, -6.330614
 58.213792, -6.330614
 58.213792, -6.330614
 58.213792, -6.330614
 58.213792, -6.330614
 58.213792, -6.330614
 58.213792, -6.330614
 58.213792, -6.330614
 58.213792, -6.330614
 58.213792, -6.330614
