 50.386810302734, -4.1538619995117
 50.386791229248, -4.1538906097412
 50.386791229248, -4.1538619995117
 50.386810302734, -4.1538906097412
 50.385284423828, -4.1556358337402
 50.385284423828, -4.1556358337402
 50.384464263916, -4.1552925109863
 50.382919311523, -4.1536617279053
 50.381450653076, -4.1525459289551
 50.379772186279, -4.1507720947266
 50.378437042236, -4.1487693786621
 50.37712097168, -4.1452503204346
 50.375518798828, -4.141902923584
 50.374050140381, -4.1403865814209
 50.372142791748, -4.1359806060791
 50.371646881104, -4.1332912445068
 50.370845794678, -4.1300582885742
 50.370445251465, -4.1273403167725
 50.370502471924, -4.1247940063477
 50.370483398438, -4.12184715271
 50.371074676514, -4.1175556182861
 50.370616912842, -4.1129493713379
 50.36937713623, -4.1098594665527
 50.368251800537, -4.1075420379639
 50.366840362549, -4.1035652160645
 50.366439819336, -4.1022491455078
 50.366630554199, -4.1002750396729
 50.366859436035, -4.0993022918701
 50.366611480713, -4.090576171875
 50.362415313721, -4.0685749053955
 50.362415313721, -4.0685749053955
 50.349941253662, -4.0418815612793
 50.349922180176, -4.0404510498047
 50.350456237793, -4.0383625030518
 50.350856781006, -4.0371036529541
 50.351428985596, -4.0340995788574
 50.351066589355, -4.031982421875
 50.350723266602, -4.0293216705322
 50.346755981445, -4.0094947814941
 50.347118377686, -4.0070343017578
 50.34782409668, -4.0037155151367
 50.348434448242, -4.0003681182861
 50.348625183105, -3.9979076385498
 50.349063873291, -3.9950180053711
 50.350036621094, -3.9929008483887
 50.35192489624, -3.9710998535156
 50.351276397705, -3.9436912536621
 50.349540710449, -3.9195156097412
 50.349998474121, -3.8952827453613
 50.350017547607, -3.890962600708
 50.349216461182, -3.8883018493652
 50.347957611084, -3.8868427276611
 50.346069335938, -3.8883590698242
 50.340328216553, -3.8678741455078
 50.340328216553, -3.8678741455078
 50.340328216553, -3.8678741455078
 50.282806896363, -3.7764902949046
 50.282806896363, -3.7764902949046
 50.282806896363, -3.7764902949046
 50.291938781738, -3.7841892242432
 50.288639068604, -3.7799263000488
 50.286693572998, -3.7804412841797
 50.285243988037, -3.7802696228027
 50.285243988037, -3.7802696228027
 50.285243988037, -3.7802696228027
 50.282173156738, -3.7753200531006
 50.282135009766, -3.7752914428711
 50.282077789307, -3.7752056121826
 50.282077789307, -3.7752056121826
 50.282382965088, -3.775463104248
 50.282402038574, -3.775463104248
 50.282402038574, -3.775463104248
 50.282402038574, -3.7754058837891
 50.280303955078, -3.7742328643799
 50.278396606445, -3.7729740142822
 50.278396606445, -3.7729740142822
 50.274429321289, -3.770170211792
 50.273342132568, -3.7652492523193
 50.273342132568, -3.7652492523193
 50.27012, -3.75351
 50.27014, -3.75201
 50.27063, -3.74862
 50.269985198975, -3.7453079223633
 50.271377563477, -3.726167678833
 50.271377563477, -3.726167678833
 50.27272, -3.701
 50.27285, -3.69805
 50.27289, -3.69648
 50.27324, -3.69312
 50.27327, -3.69095
 50.27178, -3.65856
 50.27154, -3.6577
 50.270404815674, -3.656702041626
 50.269088745117, -3.6560726165771
 50.269088745117, -3.6560726165771
 50.26662, -3.65292
 50.268383026123, -3.6523818969727
 50.270385742188, -3.6515522003174
 50.274410247803, -3.6503219604492
 50.290718078613, -3.6431694030762
 50.304546356201, -3.6343860626221
 50.309009552002, -3.6294651031494
 50.309009552002, -3.6294651031494
 50.321837673428, -3.5980691048075
 50.320796966553, -3.601770401001
 50.32205581665, -3.5980796813965
 50.32205581665, -3.5980796813965
 50.32751, -3.59738
 50.32898, -3.59752
 50.34722, -3.59501
 50.34722, -3.59501
 50.34782, -3.59519
 50.3512938, -3.593782
 50.3512938, -3.593782
 50.3532795, -3.589849
 50.3534866, -3.5868822
 50.347309112549, -3.5951042175293
 50.349864959717, -3.5947036743164
 50.352039337158, -3.5927581787109
 50.352916717529, -3.5914707183838
 50.353336334229, -3.5875511169434
 50.353755950928, -3.5840892791748
 50.354251861572, -3.5818576812744
 50.356330871582, -3.5775375366211
 50.356330871582, -3.5775375366211
 50.353488922119, -3.5768222808838
 50.352363586426, -3.5771083831787
 50.35135269165, -3.5774230957031
 50.351543426514, -3.5783672332764
 50.352268218994, -3.5788249969482
 50.353012084961, -3.5779666900635
 50.353679656982, -3.5771083831787
 50.354747772217, -3.5789680480957
 50.355358123779, -3.5814571380615
 50.356941223145, -3.5805416107178
 50.356826782227, -3.5823726654053
 50.356998443604, -3.5820579528809
 50.357246398926, -3.5814571380615
 50.357208251953, -3.581485748291
 50.357208251953, -3.581485748291
 50.357246398926, -3.5813999176025
 50.357227325439, -3.5814571380615
 50.357208251953, -3.5815143585205
 50.357227325439, -3.5815143585205
 50.357246398926, -3.58154296875
 50.357227325439, -3.5815143585205
 50.357246398926, -3.581485748291
 50.357265472412, -3.581485748291
 50.357265472412, -3.581485748291
 50.357265472412, -3.581485748291
 50.3567092, -3.5819942
 50.3567092, -3.5819942
 50.3567092, -3.5819942
 50.3567092, -3.5819942
 50.3567092, -3.5819942
 50.3567092, -3.5819942
 50.3567092, -3.5819942
 50.356808, -3.5812465
 50.356808, -3.5812465
 50.35623550415, -3.5803127288818
 50.354499816895, -3.5808563232422
 50.354137420654, -3.5822868347168
 50.353679656982, -3.5846042633057
 50.353260040283, -3.588924407959
 50.352725982666, -3.5917568206787
 50.352191925049, -3.5923862457275
 50.35005569458, -3.5948753356934
 50.349216461182, -3.5970211029053
 50.34854888916, -3.5990238189697
 50.34854888916, -3.5990238189697
 50.347099304199, -3.6039161682129
 50.347099304199, -3.6039161682129
 50.347099304199, -3.6039161682129
 50.347104, -3.6050513
 50.347104, -3.6050513
 50.347104, -3.6050513
 50.347104, -3.6050513
 50.347104, -3.6050513
 50.429655922658, -3.6924079260749
 50.429655922658, -3.6924079260749
 50.355186462402, -3.6590766906738
 50.36262512207, -3.6764144897461
 50.366439819336, -3.6984157562256
 50.362167358398, -3.7145519256592
 50.366840362549, -3.7206172943115
 50.372314453125, -3.7199020385742
 50.389232635498, -3.7113475799561
 50.400772094727, -3.7116622924805
 50.414028167725, -3.7066268920898
 50.424175262451, -3.6936092376709
 50.429763793945, -3.6924648284912
 50.4296875, -3.6925506591797
 50.4296875, -3.6925506591797
 50.434856414795, -3.6924934387207
 50.434398651123, -3.6894035339355
 50.43399810791, -3.6868858337402
 50.433177947998, -3.6843109130859
 50.431423187256, -3.6829948425293
 50.430564880371, -3.682222366333
 50.430278778076, -3.6808776855469
 50.430774688721, -3.6780452728271
 50.432415008545, -3.6754417419434
 50.432739257812, -3.6742401123047
 50.432720184326, -3.6701774597168
 50.432643890381, -3.6677169799805
 50.433444976807, -3.6609077453613
 50.433444976807, -3.6609077453613
 50.431060791016, -3.6233997344971
 50.430030822754, -3.6190509796143
 50.428714752197, -3.6170196533203
 50.428428649902, -3.6141014099121
 50.428905487061, -3.6110401153564
 50.42896270752, -3.6076927185059
 50.429267883301, -3.6025714874268
 50.429592132568, -3.6004829406738
 50.429306030273, -3.5994243621826
 50.429306030273, -3.5994243621826
 50.42869, -3.58489
 50.42941, -3.58275
 50.43071, -3.57675
 50.43071, -3.57675
 50.430793762207, -3.5764217376709
 50.430793762207, -3.5764217376709
 50.433025360107, -3.5722160339355
 50.434665679932, -3.5683822631836
 50.436248779297, -3.5677528381348
 50.438041687012, -3.5676383972168
 50.440139770508, -3.5674095153809
 50.441493988037, -3.5656356811523
 50.442981719971, -3.5645484924316
 50.444240570068, -3.5633754730225
 50.44584274292, -3.5601425170898
 50.446643829346, -3.5595417022705
 50.447044372559, -3.5587978363037
 50.447578430176, -3.5580253601074
 50.447864532471, -3.5575103759766
 50.449829101562, -3.5548496246338
 50.449829101562, -3.5548496246338
 50.452518463135, -3.5507297515869
 50.45337677002, -3.5479831695557
 50.454368591309, -3.5463237762451
 50.455284118652, -3.5457229614258
 50.457057952881, -3.5440063476562
 50.457458496094, -3.5434341430664
 50.459804534912, -3.5413455963135
 50.460300445557, -3.5412883758545
 50.461597442627, -3.5429191589355
 50.463600158691, -3.5426902770996
 50.46459197998, -3.5422039031982
 50.463619232178, -3.5412883758545
 50.463619232178, -3.5413455963135
 50.46365737915, -3.541374206543
 50.463619232178, -3.5413455963135
 50.463600158691, -3.5413455963135
 50.463943481445, -3.5415744781494
 50.464305877686, -3.5416316986084
 50.462665557861, -3.543004989624
 50.460586547852, -3.5417461395264
 50.461330413818, -3.539400100708
 50.462017059326, -3.5378837585449
 50.462627410889, -3.5364246368408
 50.463104248047, -3.5345935821533
 50.462074279785, -3.5314464569092
 50.461521148682, -3.5297012329102
 50.461921691895, -3.5260105133057
 50.461044311523, -3.5231494903564
 50.461597442627, -3.5204029083252
 50.462532043457, -3.5180568695068
 50.463161468506, -3.5161113739014
 50.463523864746, -3.5147953033447
 50.465106964111, -3.5107040405273
 50.466003417969, -3.508358001709
 50.466003417969, -3.508358001709
 50.466003417969, -3.508358001709
 50.538851199053, -3.5087673111061
 50.538851199053, -3.5087673111061
 50.538851199053, -3.5087673111061
 50.538851199053, -3.5087673111061
 50.478076934814, -3.5141372680664
 50.479011535645, -3.5159683227539
 50.479564666748, -3.5171699523926
 50.480365753174, -3.5188579559326
 50.482215881348, -3.5224056243896
 50.483436584473, -3.5216331481934
 50.48864364624, -3.5263538360596
 50.498008728027, -3.5262393951416
 50.505523681641, -3.5254383087158
 50.50853729248, -3.5187149047852
 50.520553588867, -3.5127353668213
 50.538425445557, -3.5043239593506
 50.538997650146, -3.5092735290527
 50.539970397949, -3.5095024108887
 50.541210174561, -3.5095596313477
 50.542812347412, -3.5098457336426
 50.545082092285, -3.5102462768555
 50.546894073486, -3.5103034973145
 50.546836853027, -3.5106754302979
 50.546379089355, -3.5121059417725
 50.546207427979, -3.5183429718018
 50.54723739624, -3.5252666473389
 50.549964904785, -3.548412322998
 50.549964904785, -3.548412322998
 50.551719665527, -3.5844898223877
 50.567607879639, -3.5972213745117
 50.584373474121, -3.5898971557617
 50.596218109131, -3.5681247711182
 50.609378814697, -3.5539627075195
 50.628070831299, -3.5442066192627
 50.639019012451, -3.5416889190674
 50.671062469482, -3.53759765625
 50.680522918701, -3.5315036773682
 50.69242477417, -3.5037803649902
 50.69242477417, -3.5037803649902
 50.695209503174, -3.501091003418
 50.696792602539, -3.4980583190918
 50.697021484375, -3.4976577758789
 50.699481964111, -3.4945964813232
 50.700073242188, -3.4939956665039
 50.702342987061, -3.4961414337158
 50.703678131104, -3.4986305236816
 50.703678131104, -3.4986305236816
 50.71469, -3.52021
 50.707988739014, -3.5073280334473
 50.708866119385, -3.5091304779053
 50.711841583252, -3.5153388977051
 50.713214874268, -3.5175704956055
 50.714740753174, -3.5204315185547
 50.715637207031, -3.5214614868164
 50.717124938965, -3.524866104126
