 51.745662689209, -1.2405681610107
 51.745719909668, -1.2404537200928
 51.745624542236, -1.2405109405518
 51.74560546875, -1.2405395507812
 51.743698120117, -1.2395668029785
 51.742191314697, -1.2381649017334
 51.740036010742, -1.2357902526855
 51.738052368164, -1.2344455718994
 51.737194061279, -1.2371635437012
 51.736297607422, -1.2396812438965
 51.735343933105, -1.243200302124
 51.734848022461, -1.2457180023193
 51.728801727295, -1.2479496002197
 51.721725463867, -1.2545299530029
 51.69994354248, -1.2633419036865
 51.689796447754, -1.270580291748
 51.688499450684, -1.2712383270264
 51.686267852783, -1.2722682952881
 51.684646606445, -1.2731266021729
 51.683750152588, -1.2733268737793
 51.682415008545, -1.2733268737793
 51.680469512939, -1.2739849090576
 51.679458618164, -1.2744140625
 51.678009033203, -1.2753009796143
 51.676445007324, -1.2764453887939
 51.674957275391, -1.277904510498
 51.673336029053, -1.279764175415
 51.671237945557, -1.2814235687256
 51.670150756836, -1.2809658050537
 51.668796539307, -1.2796497344971
 51.667633056641, -1.278247833252
 51.666812896729, -1.2781047821045
 51.663970947266, -1.277904510498
 51.654853820801, -1.2576484680176
 51.653175354004, -1.239595413208
 51.658992767334, -1.1755084991455
 51.640663146973, -1.1522197723389
 51.631546020508, -1.1421203613281
 51.623268127441, -1.1383438110352
 51.60816192627, -1.1247253417969
 51.60572052002, -1.1231803894043
 51.604633331299, -1.1229228973389
 51.601696014404, -1.1244678497314
 51.601276397705, -1.1244678497314
 51.600437164307, -1.1247253417969
 51.599540710449, -1.1245536804199
 51.59854888916, -1.1253261566162
 51.60005569458, -1.1247253417969
 51.601009368896, -1.124153137207
 51.600646972656, -1.1202049255371
 51.600646972656, -1.1202049255371
 51.600646972656, -1.1202049255371
 51.598091125488, -1.1089611053467
 51.597461700439, -1.1068153381348
 51.5966796875, -1.1038684844971
 51.592407226562, -1.0750579833984
 51.595039367676, -1.0562896728516
 51.595039367676, -1.0562896728516
 51.595039367676, -1.0562896728516
 51.595039367676, -1.0562896728516
 51.575183884584, -0.98785451223973
 51.544076084655, -0.91027795505686
 51.544076084655, -0.91027795505686
 51.543216609179, -0.90823170499947
 51.544189453125, -0.91069221496582
 51.543273925781, -0.90837478637695
 51.542587280273, -0.9071159362793
 51.540927886963, -0.90459823608398
 51.539001464844, -0.90122222900391
 51.537952423096, -0.90087890625
 51.536693572998, -0.90093612670898
 51.5358543396, -0.90033531188965
 51.534786224365, -0.90099334716797
 51.537761688232, -0.90302467346191
 51.532883065659, -0.89514309735038
 51.532883065659, -0.89514309735038
 51.533020477162, -0.89515039831791
 51.534401652982, -0.89780635567234
 51.535048349569, -0.89848684447139
 51.535775609481, -0.89938029635554
 51.536808225691, -0.90012880117803
 51.538124084473, -0.89850425720215
 51.538124084473, -0.89847564697266
 51.537837982178, -0.89890480041504
 51.537799835205, -0.89910507202148
 51.537761688232, -0.89890480041504
 51.537742614746, -0.89890480041504
 51.537017822266, -0.89767456054688
 51.537322998047, -0.89020729064941
 51.536922454834, -0.85942268371582
 51.541652679443, -0.82242965698242
 51.538772583008, -0.79516410827637
 51.544513702393, -0.78603744506836
 51.555461883545, -0.77585220336914
 51.557025909424, -0.77585220336914
 51.557273864746, -0.7789134979248
 51.557445526123, -0.78011512756348
 51.557426452637, -0.78014373779297
 51.557579040527, -0.78014373779297
 51.557521820068, -0.78014373779297
 51.557521820068, -0.78014373779297
 51.557521820068, -0.78014373779297
 51.557521820068, -0.78014373779297
 51.557521820068, -0.78014373779297
 51.557910905675, -0.77961677165201
 51.557655334473, -0.77845573425293
 51.557331085205, -0.77651023864746
 51.555652618408, -0.77576637268066
 51.549758911133, -0.77387809753418
 51.538124084473, -0.76086044311523
 51.533699035645, -0.75276374816895
 51.534328460693, -0.75004577636719
 51.534900665283, -0.74795722961426
 51.535873413086, -0.74446678161621
 51.536502838135, -0.74172019958496
 51.535968780518, -0.73871612548828
 51.533546447754, -0.73614120483398
 51.5305519104, -0.73376655578613
 51.52925491333, -0.73253631591797
 51.52811050415, -0.7305908203125
 51.527004241943, -0.72864532470703
 51.525497436523, -0.72649955749512
 51.523914337158, -0.72541236877441
 51.522045135498, -0.7243824005127
 51.521511077881, -0.7240104675293
 51.52214050293, -0.72006225585938
 51.522960662842, -0.71737289428711
 51.523609161377, -0.7151985168457
 51.523990631104, -0.71351051330566
 51.523780822754, -0.70979118347168
 51.523838043213, -0.70655822753906
 51.523933410645, -0.70392608642578
 51.524047851562, -0.69957733154297
 51.522331237793, -0.68770408630371
 51.520004272461, -0.66681861877441
 51.505336761475, -0.66415786743164
 51.500988006592, -0.67397117614746
 51.500358581543, -0.67379951477051
 51.500358581543, -0.67377090454102
 51.499290466309, -0.67185401916504
 51.493167877197, -0.65909385681152
 51.499807507218, -0.67672985013305
 51.499807507218, -0.67672985013305
 51.499807507218, -0.67672985013305
 51.499807507218, -0.67672985013305
 51.499807507218, -0.67672985013305
 51.499807507218, -0.67672985013305
 51.499807507218, -0.67672985013305
 51.499807507218, -0.67672985013305
 51.487579345703, -0.65108299255371
 51.487579345703, -0.65108299255371
 51.487579345703, -0.65108299255371
 51.487579345703, -0.65108299255371
 51.487846374512, -0.65093994140625
 51.487865447998, -0.65099716186523
 51.487922668457, -0.65099716186523
 51.487922668457, -0.65102577209473
 51.4892578125, -0.65182685852051
 51.493606567383, -0.65980911254883
 51.500377655029, -0.67371368408203
 51.504211425781, -0.66679000854492
 51.517772674561, -0.6639289855957
 51.520500183105, -0.66719055175781
 51.521034240723, -0.66584587097168
 51.520690917969, -0.66370010375977
 51.520442962646, -0.65909385681152
 51.520404815674, -0.65457344055176
 51.520156860352, -0.65142631530762
 51.520156860352, -0.64899444580078
 51.519947052002, -0.64501762390137
 51.520252227783, -0.64129829406738
 51.520576477051, -0.63840866088867
 51.520118713379, -0.63526153564453
 51.518974304199, -0.63125610351562
 51.517791748047, -0.6287670135498
 51.516857147217, -0.62662124633789
 51.515884399414, -0.62418937683105
 51.51538848877, -0.62267303466797
 51.51439666748, -0.6196117401123
 51.513748168945, -0.61760902404785
 51.512928009033, -0.61471939086914
 51.511898040771, -0.61234474182129
 51.510524749756, -0.61237335205078
 51.507949829102, -0.61057090759277
 51.506977081299, -0.60796737670898
 51.5065574646, -0.60579299926758
 51.505126953125, -0.60439109802246
 51.503772735596, -0.60522079467773
 51.503810882568, -0.60530662536621
 51.503849029541, -0.6053638458252
 51.503791809082, -0.6053638458252
 51.503772735596, -0.6053352355957
 51.503734588623, -0.60530662536621
 51.503734588623, -0.6053352355957
 51.503734588623, -0.6053638458252
 51.503734588623, -0.6053638458252
 51.503734588623, -0.6053638458252
 51.503734588623, -0.6053638458252
 51.504114544349, -0.60530257983731
 51.504114544349, -0.60530257983731
 51.504114544349, -0.60530257983731
 51.504114544349, -0.60530257983731
 51.504114544349, -0.60530257983731
 51.504114544349, -0.60530257983731
 51.504114544349, -0.60530257983731
 51.504114544349, -0.60530257983731
 51.504114544349, -0.60530257983731
 51.504114544349, -0.60530257983731
 51.504114544349, -0.60530257983731
 51.504114544349, -0.60530257983731
 51.504114544349, -0.60530257983731
 51.504114544349, -0.60530257983731
 51.504114544349, -0.60530257983731
 51.504114544349, -0.60530257983731
 51.503734588623, -0.6053638458252
 51.503791809082, -0.60550689697266
 51.505222320557, -0.60396194458008
 51.503429412842, -0.60141563415527
 51.503295898438, -0.60044288635254
 51.495704650879, -0.61992645263672
 51.48323059082, -0.62026977539062
 51.483058929443, -0.61866760253906
 51.482734680176, -0.61503410339355
 51.48250579834, -0.61294555664062
 51.481075286865, -0.61248779296875
 51.479892730713, -0.61177253723145
 51.480312347412, -0.60599327087402
 51.480960845947, -0.6053352355957
 51.480941772461, -0.6053638458252
 51.480979919434, -0.6053638458252
 51.480960845947, -0.6053352355957
 51.480922698975, -0.60542106628418
 51.480960845947, -0.60539245605469
 51.480922698975, -0.60539245605469
 51.480941772461, -0.60539245605469
 51.480941772461, -0.60542106628418
 51.480865478516, -0.60539245605469
 51.480903625488, -0.60542106628418
 51.480846405029, -0.60544967651367
 51.48078918457, -0.60544967651367
 51.480827331543, -0.60542106628418
 51.480674743652, -0.60522079467773
 51.480827331543, -0.60590744018555
 51.476402282715, -0.60587882995605
 51.471195220947, -0.60605049133301
 51.469917297363, -0.60513496398926
 51.469917297363, -0.60516357421875
 51.46993637085, -0.60516357421875
 51.469993591309, -0.60516357421875
 51.468753814697, -0.60261726379395
 51.468067169189, -0.60007095336914
 51.463050842285, -0.58459281921387
 51.450672149658, -0.57180404663086
 51.439952850342, -0.54817199707031
 51.435737609863, -0.54299354553223
 51.435718536377, -0.54442405700684
 51.435623168945, -0.54616928100586
 51.433353424072, -0.55269241333008
 51.432418823242, -0.55352210998535
 51.43159866333, -0.55203437805176
 51.43138885498, -0.54994583129883
 51.43030166626, -0.54788589477539
 51.428928375244, -0.54702758789062
 51.426982879639, -0.54648399353027
 51.425533294678, -0.54874420166016
 51.423721313477, -0.55026054382324
 51.421413421631, -0.55294990539551
 51.421222686768, -0.55546760559082
 51.421413421631, -0.55346488952637
 51.421375274658, -0.55583953857422
 51.421413421631, -0.552978515625
 51.421337127686, -0.55272102355957
 51.422004699707, -0.55595397949219
 51.422023773193, -0.55578231811523
 51.421947479248, -0.55575370788574
 51.422214508057, -0.55998802185059
 51.424007415771, -0.57186126708984
 51.423664093018, -0.57251930236816
 51.423892974854, -0.57254791259766
 51.42370223999, -0.57257652282715
 51.422882080078, -0.57415008544922
 51.416339874268, -0.58024406433105
 51.407012939453, -0.59812545776367
 51.407337188721, -0.63271522521973
 51.406917572021, -0.65320014953613
 51.409797668457, -0.66487312316895
 51.410274505615, -0.66899299621582
 51.41164905595, -0.67960088872624
 51.411628764144, -0.67905798185264
 51.411513701452, -0.67918779471194
 51.411446033512, -0.67970835892885
 51.411682890506, -0.68016566202154
 51.411872625469, -0.67974325282627
 51.411838750017, -0.67929771570176
 51.411662617976, -0.67906896237603
 51.4111328125, -0.67989349365234
 51.411094665527, -0.67989349365234
 51.411094665527, -0.67992210388184
 51.411094665527, -0.68000793457031
 51.411075592041, -0.6800365447998
 51.410980224609, -0.6804084777832
 51.410789489746, -0.68132400512695
 51.411037445068, -0.68017959594727
 51.4111328125, -0.67983627319336
 51.411094665527, -0.67995071411133
 51.411113739014, -0.67995071411133
 51.4111328125, -0.6818675994873
 51.411170959473, -0.68572998046875
 51.411285400391, -0.68844795227051
 51.412296295166, -0.7126522064209
 51.412506103516, -0.71911811828613
 51.412734985352, -0.7221508026123
 51.412868499756, -0.72578430175781
 51.412925720215, -0.72887420654297
 51.412925720215, -0.72887420654297
 51.412925720215, -0.72887420654297
 51.412925720215, -0.72887420654297
 51.412925720215, -0.72887420654297
 51.415375958484, -0.73524499799444
 51.415860901915, -0.73866334759143
 51.415915543428, -0.73985831053108
 51.416481591769, -0.74432539330352
 51.418704986572, -0.75322151184082
 51.417598724365, -0.7551097869873
 51.416091918945, -0.75505256652832
 51.414756774902, -0.75777053833008
 51.413154602051, -0.76023101806641
 51.411323547363, -0.78243255615234
 51.417675018311, -0.80855369567871
 51.428489685059, -0.84488868713379
 51.439533233643, -0.88085174560547
 51.442317962646, -0.92007637023926
 51.454010009766, -0.93707084655762
 51.454963684082, -0.94030380249023
 51.45435333252, -0.94339370727539
 51.453838348389, -0.94568252563477
 51.4528465271, -0.94900131225586
 51.452503204346, -0.95131874084473
 51.451988220215, -0.95538139343262
 51.451473236084, -0.95947265625
 51.450996398926, -0.963134765625
 51.450614929199, -0.96542358398438
 51.450023651123, -0.96928596496582
 51.450653076172, -0.97068786621094
 51.450614929199, -0.97068786621094
 51.451282501221, -0.97108840942383
 51.451168060303, -0.97217559814453
 51.44983291626, -0.97537994384766
 51.436595916748, -0.97764015197754
 51.425457000732, -0.98078727722168
 51.424179077148, -0.98407745361328
 51.422309875488, -0.98490715026855
 51.422157287598, -0.98459243774414
