 51.567783355713, -3.9803695678711
 51.569995880127, -3.9817714691162
 51.570568084717, -3.984432220459
 51.571559906006, -3.9872360229492
 51.572017669678, -3.9892673492432
 51.572761535645, -3.9931011199951
 51.573238372803, -3.995361328125
 51.574554443359, -3.9979076385498
 51.575775146484, -3.9987659454346
 51.576137542725, -3.9989376068115
 51.576118469238, -3.9989376068115
 51.576156616211, -3.998908996582
 51.576099395752, -3.9989376068115
 51.576099395752, -3.998908996582
 51.576042175293, -3.9989376068115
 51.577339172363, -3.999080657959
 51.577568054199, -3.9991092681885
 51.580505371094, -4.0011119842529
 51.584930419922, -4.0008544921875
 51.575964435504, -3.9982208231675
 51.575964435504, -3.9982208231675
 51.579090026485, -4.0001707794705
 51.581057516558, -4.0008710503109
 51.585580106056, -3.9998504428094
 51.587312329055, -3.999602626598
 51.589549152233, -3.9985839955448
 51.593574792796, -3.9965710589562
 51.5952697473, -3.9955100102815
 51.603717803955, -3.9885807037354
 51.605491638184, -3.9843463897705
 51.608047485352, -3.9862632751465
 51.609287261963, -3.9871788024902
 51.610832214355, -3.9883518218994
 51.611042022705, -3.9885520935059
 51.612014770508, -3.9895820617676
 51.612949371338, -3.9906120300293
 51.614055633545, -3.9900398254395
 51.614894866943, -3.9901256561279
 51.616268157959, -3.9895248413086
 51.617221832275, -3.9881229400635
 51.618938446045, -3.9857482910156
 51.620349884033, -3.984203338623
 51.622161865234, -3.9829444885254
 51.623210906982, -3.9814567565918
 51.624870300293, -3.9809989929199
 51.626472473145, -3.9809417724609
 51.627216339111, -3.9820289611816
 51.630058288574, -3.9821720123291
 51.63272857666, -3.9822864532471
 51.635837554932, -3.980712890625
 51.637306213379, -3.9796829223633
 51.638927459717, -3.9782238006592
 51.640510559082, -3.9773082733154
 51.642169952393, -3.9793109893799
 51.643466949463, -3.9807987213135
 51.647052764893, -3.984260559082
 51.656837463379, -4.0014266967773
 51.657581329346, -4.0199089050293
 51.655025482178, -4.046459197998
 51.664009094238, -4.0900611877441
 51.670627593994, -4.1156673431396
 51.679000854492, -4.1351509094238
 51.685237884521, -4.1544342041016
 51.682968139648, -4.1558933258057
 51.682682037354, -4.1565799713135
 51.680488586426, -4.1576099395752
 51.680870056152, -4.1605567932129
 51.679935455322, -4.1633319854736
 51.681671142578, -4.1639614105225
 51.683712005615, -4.1626453399658
 51.684474945068, -4.1660499572754
 51.684494018555, -4.1690540313721
 51.68363571167, -4.1738319396973
 51.684017181396, -4.1752052307129
 51.684741973877, -4.1782093048096
 51.685104370117, -4.1827297210693
 51.68529510498, -4.1871356964111
 51.686325073242, -4.1904258728027
 51.686592102051, -4.1901969909668
 51.686553955078, -4.1902542114258
 51.686592102051, -4.1902542114258
 51.686573028564, -4.1901969909668
 51.686553955078, -4.1902256011963
 51.686534881592, -4.1903114318848
 51.686573028564, -4.1902256011963
 51.686553955078, -4.1902828216553
 51.686553955078, -4.1902828216553
 51.686515808105, -4.1903114318848
 51.685676574707, -4.189567565918
 51.685600280762, -4.1898536682129
 51.685523986816, -4.1898250579834
 51.685943603516, -4.1920852661133
 51.687164306641, -4.1975784301758
 51.686744689941, -4.2012405395508
 51.686553955078, -4.2045879364014
 51.68643951416, -4.2065906524658
 51.68643951416, -4.2065906524658
 51.68643951416, -4.2065906524658
 51.68643951416, -4.2065906524658
 51.68643951416, -4.2065906524658
 51.689586639404, -4.2255306243896
 51.688632965088, -4.2290782928467
 51.688594818115, -4.231595993042
 51.688594818115, -4.231595993042
 51.688747406006, -4.2365169525146
 51.688842773438, -4.2384338378906
 51.689510345459, -4.2416954040527
 51.689929962158, -4.2447853088379
 51.690235137939, -4.2475891113281
 51.690673828125, -4.2505073547363
 51.691112518311, -4.2546272277832
 51.690883636475, -4.2563152313232
 51.69002532959, -4.2581748962402
 51.688766479492, -4.2597770690918
 51.688117980957, -4.2618083953857
 51.688022613525, -4.2648410797119
 51.688423156738, -4.2680740356445
 51.688213348389, -4.2705917358398
 51.687850952148, -4.2730236053467
 51.688003540039, -4.2759990692139
 51.68830871582, -4.2781734466553
 51.689319610596, -4.2830371856689
 51.69075012207, -4.2850685119629
 51.692581176758, -4.2875862121582
 51.694450378418, -4.2901611328125
 51.695308685303, -4.2912769317627
 51.710395812988, -4.2968273162842
 51.710395812988, -4.2968273162842
 51.710395812988, -4.2968273162842
 51.710395812988, -4.2968273162842
 51.710395812988, -4.2968273162842
 51.734226264413, -4.3057883919297
 51.735312264491, -4.3058549862741
 51.736709038176, -4.3077981750929
 51.738389264712, -4.3085230289186
 51.739122257096, -4.3064962337212
 51.743869781494, -4.3026638031006
 51.743869781494, -4.3026638031006
 51.757488250732, -4.2919635772705
 51.757488250732, -4.2919635772705
 51.757488250732, -4.2919635772705
 51.757488250732, -4.2919635772705
 51.824798583984, -4.2864990234375
 51.834659576416, -4.2983150482178
 51.846790313721, -4.308614730835
 51.853313446045, -4.3043231964111
 51.853294372559, -4.3043231964111
 51.854095458984, -4.3042945861816
 51.854095458984, -4.3042945861816
 51.856136322021, -4.3080711364746
 51.856460571289, -4.3105602264404
 51.856441497803, -4.3123054504395
 51.855010986328, -4.3137073516846
 51.853847503662, -4.311990737915
 51.85001373291, -4.3307018280029
 51.84757232666, -4.3689250946045
 51.8430519104, -4.4096374511719
 51.829051971436, -4.4450283050537
 51.822052001953, -4.4854831695557
 51.819324493408, -4.5137786865234
 51.825923919678, -4.5531749725342
 51.824588775635, -4.5932579040527
 51.824588775635, -4.5932579040527
 51.824588775635, -4.5932579040527
 51.824588775635, -4.5932579040527
 51.816902160645, -4.7214603424072
 51.810894012451, -4.7506427764893
 51.804504394531, -4.7827434539795
 51.800804138184, -4.8000240325928
 51.801624298096, -4.8516654968262
 51.804714202881, -4.8915195465088
 51.806049346924, -4.9334335327148
 51.804618835449, -4.9520015716553
 51.804618835449, -4.9520015716553
 51.804618835449, -4.9520015716553
 51.804618835449, -4.9520015716553
 51.798785212448, -4.9763247113359
 51.80074547674, -4.974285046095
 51.799049377441, -4.9733448028564
 51.798667907715, -4.9763774871826
 51.799793243408, -4.9752044677734
 51.801166534424, -4.9740028381348
 51.802463531494, -4.9729442596436
 51.80383682251, -4.9721145629883
 51.804828643799, -4.9706554412842
 51.805171966553, -4.9688816070557
 51.805229187012, -4.9673080444336
 51.806106567383, -4.9659061431885
 51.807022094727, -4.9648189544678
 51.806526184082, -4.9633312225342
 51.805839538574, -4.9613285064697
 51.805839538574, -4.9617004394531
 51.805877685547, -4.9617004394531
 51.805858612061, -4.9617290496826
 51.805839538574, -4.9617290496826
 51.805877685547, -4.9617004394531
 51.805858612061, -4.9617004394531
 51.805858612061, -4.9617004394531
 51.805858612061, -4.9617004394531
 51.805858612061, -4.9617004394531
 51.805858612061, -4.9617004394531
 51.806052533725, -4.961633401318
 51.806052533725, -4.961633401318
 51.806052533725, -4.961633401318
 51.806052533725, -4.961633401318
 51.806052533725, -4.961633401318
 51.806052533725, -4.961633401318
 51.806052533725, -4.961633401318
 51.806052533725, -4.961633401318
 51.806052533725, -4.961633401318
 51.805820465088, -4.9617862701416
 51.806583404541, -4.9635601043701
 51.806488037109, -4.9655342102051
 51.806488037109, -4.9655055999756
 51.805782318115, -4.9663925170898
 51.805248260498, -4.9681949615479
 51.806221008301, -4.9673366546631
 51.80778503418, -4.9667930603027
 51.809062957764, -4.9659633636475
 51.810417175293, -4.9645328521729
 51.81224822998, -4.9628162384033
 51.814117431641, -4.9621868133545
 51.81676864624, -4.962158203125
 51.817207336426, -4.9623012542725
 51.817207336426, -4.9623012542725
 51.817207336426, -4.9623012542725
 51.883926391602, -4.9682235717773
 51.883926391602, -4.9682235717773
 51.917247772217, -4.9769496917725
 51.93286895752, -4.9968910217285
 51.93286895752, -4.9968910217285
 51.972122192383, -4.996976852417
 51.988525390625, -4.9870204925537
 51.990909576416, -4.9825572967529
 51.993045806885, -4.9777793884277
 51.993045806885, -4.9777793884277
 51.994190216064, -4.9747467041016
 51.994190216064, -4.9747467041016
 51.994190216064, -4.9747467041016
 51.994190216064, -4.9747467041016
 51.994190216064, -4.9747467041016
 51.996134032416, -4.9682325456038
 51.997737884521, -4.9602127075195
 51.998023986816, -4.9535751342773
 51.998176574707, -4.9435043334961
 51.998176574707, -4.9435043334961
 51.998176574707, -4.9435043334961
 51.998176574707, -4.9435043334961
 51.998176574707, -4.9435043334961
 52.015746171434, -4.8354315691369
 52.01647358658, -4.8317398518905
 52.016791190377, -4.8291849342541
 52.016378237378, -4.826386348213
 52.016378237378, -4.826386348213
 52.016378237378, -4.826386348213
 52.016378237378, -4.826386348213
 52.016378237378, -4.826386348213
 52.016378237378, -4.826386348213
 52.011528015137, -4.7460079193115
 52.012691497803, -4.7122764587402
 52.021331787109, -4.6970558166504
 52.037773132324, -4.6971988677979
 52.055320739746, -4.6901321411133
 52.068367004395, -4.6762561798096
 52.076454162598, -4.6568298339844
 52.076988220215, -4.6573162078857
 52.078742980957, -4.6588039398193
 52.079582214355, -4.6598339080811
 52.081108093262, -4.6612358093262
 52.082805633545, -4.6611785888672
 52.084407806396, -4.6603775024414
 52.08553314209, -4.6590042114258
 52.086563110352, -4.6561145782471
 52.087516784668, -4.6532535552979
 52.088241577148, -4.6512794494629
 52.088756561279, -4.6498203277588
 52.089233398438, -4.6484184265137
 52.089691162109, -4.6468734741211
 52.089900970459, -4.6457862854004
 52.08984375, -4.6446418762207
 52.090435028076, -4.6436977386475
 52.093143463135, -4.6358013153076
 52.093143463135, -4.6358013153076
 52.11145401001, -4.5706844329834
 52.110576629639, -4.5455360412598
 52.113170623779, -4.5181846618652
 52.12251663208, -4.4944667816162
 52.128925323486, -4.473295211792
 52.129058837891, -4.4725513458252
 52.130012512207, -4.4682312011719
 52.130012512207, -4.4682312011719
 52.131385803223, -4.4647979736328
 52.132186889648, -4.4616222381592
 52.133674621582, -4.4455718994141
 52.134208679199, -4.4425678253174
 52.134208679199, -4.4425678253174
 52.135105133057, -4.4390487670898
 52.135848999023, -4.4376754760742
 52.136707305908, -4.4367027282715
 52.138385772705, -4.434814453125
 52.141342163086, -4.4157314300537
 52.145919799805, -4.3865203857422
 52.15238571167, -4.3599414825439
 52.164573669434, -4.3353080749512
 52.181072235107, -4.3171691894531
 52.181072235107, -4.3171691894531
 52.181072235107, -4.3171691894531
 52.23981433347, -4.266386250559
 52.23981433347, -4.266386250559
 52.23981433347, -4.266386250559
 52.23981433347, -4.266386250559
 52.23981433347, -4.266386250559
 52.239728595238, -4.2649938975651
 52.208576202393, -4.288330078125
 52.232036590576, -4.2733669281006
 52.239742279053, -4.2651271820068
 52.240161895752, -4.266185760498
 52.240028381348, -4.2654991149902
 52.240009307861, -4.2655277252197
 52.240009307861, -4.2654705047607
 52.239952087402, -4.2653560638428
 52.239933013916, -4.2653560638428
 52.240619659424, -4.262638092041
 52.241668701172, -4.2605781555176
 52.243041992188, -4.2576313018799
 52.243995666504, -4.2555713653564
 52.244834899902, -4.2537117004395
 52.245254516602, -4.251594543457
 52.249240875244, -4.233341217041
 52.259063720703, -4.2150592803955
 52.268314361572, -4.1924858093262
 52.277183532715, -4.1820430755615
 52.277183532715, -4.1820430755615
 52.277183532715, -4.1820430755615
 52.277183532715, -4.1820430755615
 52.277183532715, -4.1820430755615
 52.412877199663, -4.0735092506118
 52.412877199663, -4.0735092506118
 52.412877199663, -4.0735092506118
 52.41229722267, -4.0751599904962
 52.410626693394, -4.0746760748015
 52.412368426347, -4.0778799203651
 52.413526143411, -4.0793582294336
 52.414758992556, -4.0809103899225
 52.415347422443, -4.0827986738993
 52.414147690626, -4.085958326606
 52.363033294678, -4.0890884399414
 52.377586364746, -4.0743827819824
 52.377586364746, -4.0743827819824
 52.377586364746, -4.0743827819824
 52.377586364746, -4.0743827819824
 52.401943206787, -4.0738105773926
 52.403659820557, -4.0762424468994
 52.405319213867, -4.077844619751
 52.407169342041, -4.0797328948975
 52.408294677734, -4.0811634063721
 52.408905029297, -4.0844249725342
