 54.777393341064, -1.5749931335449
 54.777317047119, -1.5748500823975
 54.77746963501, -1.5750217437744
 54.777526855469, -1.5747928619385
 54.778423309326, -1.5719890594482
 54.778652191162, -1.5690422058105
 54.778690338135, -1.5661525726318
 54.778728485107, -1.5639781951904
 54.778614044189, -1.5604305267334
 54.779014587402, -1.5571117401123
 54.778575897217, -1.5538501739502
 54.778347015381, -1.5523624420166
 54.778175354004, -1.5512752532959
 54.777965545654, -1.5499591827393
 54.777526855469, -1.5477275848389
 54.776344299316, -1.5439224243164
 54.775562286377, -1.5398025512695
 54.775104522705, -1.5374851226807
 54.775161743164, -1.510705947876
 54.77502822876, -1.5078163146973
 54.774570465088, -1.5042972564697
 54.774360656738, -1.5021514892578
 54.774360656738, -1.5021514892578
 54.773368835449, -1.4934825897217
 54.773540496826, -1.4898777008057
 54.773540496826, -1.4859867095947
 54.773120880127, -1.4839839935303
 54.772968292236, -1.4815807342529
 54.772262573242, -1.4764308929443
 54.771995544434, -1.4752578735352
 54.770221710205, -1.4510536193848
 54.773654937744, -1.4292240142822
 54.77331161499, -1.4275360107422
 54.772624969482, -1.4240455627441
 54.77222442627, -1.4217281341553
 54.771728515625, -1.4189529418945
 54.785079956055, -1.3695430755615
 54.778575897217, -1.3598728179932
 54.761047363281, -1.3485717773438
 54.759578704834, -1.3456535339355
 54.758853912354, -1.3425350189209
 54.75887298584, -1.3399314880371
 54.760074615479, -1.336612701416
 54.761333465576, -1.3343811035156
 54.760570526123, -1.3320922851562
 54.758529663086, -1.3300037384033
 54.758186340332, -1.3269996643066
 54.758033752441, -1.3249397277832
 54.757652282715, -1.3189601898193
 54.757461547852, -1.3178730010986
 54.757385253906, -1.3179016113281
 54.757423400879, -1.3179016113281
 54.757461547852, -1.3179016113281
 54.757385253906, -1.318244934082
 54.759731292725, -1.3116645812988
 54.7580909729, -1.3070011138916
 54.750709533691, -1.2951850891113
 54.749889373779, -1.2935543060303
 54.748916625977, -1.2917804718018
 54.747943878174, -1.2899208068848
 54.747047424316, -1.2882328033447
 54.747047424316, -1.2882328033447
 54.747047424316, -1.2882328033447
 54.747047424316, -1.2882328033447
 54.747047424316, -1.2882328033447
 54.718332497697, -1.2542467404748
 54.7163756485, -1.2512082667895
 54.715310138989, -1.2495282536971
 54.71830368042, -1.254186630249
 54.715881347656, -1.2504100799561
 54.714241027832, -1.2478065490723
 54.712619781494, -1.2453460693359
 54.711399078369, -1.24342918396
 54.709854125977, -1.2410831451416
 54.708347320557, -1.2387371063232
 54.706859588623, -1.2364482879639
 54.705104827881, -1.2344455718994
 54.703464508057, -1.2326431274414
 54.702320098877, -1.2314128875732
 54.700603485107, -1.2294960021973
 54.699821472168, -1.2279510498047
 54.699516296387, -1.2249183654785
 54.699287414551, -1.2229156494141
 54.698715209961, -1.221342086792
 54.697017669678, -1.2204837799072
 54.695053100586, -1.2198543548584
 54.692401885986, -1.2190532684326
 54.690818786621, -1.2169647216797
 54.69108581543, -1.2152767181396
 54.691505432129, -1.2129592895508
 54.691982269287, -1.2106132507324
 54.691848754883, -1.2089538574219
 54.691028594971, -1.2078666687012
 54.689769744873, -1.2070369720459
 54.689750671387, -1.2070369720459
 54.689769744873, -1.2070369720459
 54.689788818359, -1.2070083618164
 54.689769744873, -1.2070083618164
 54.689788818359, -1.2069797515869
 54.689769744873, -1.2070083618164
 54.689769744873, -1.2069797515869
 54.689769744873, -1.2069797515869
 54.689769744873, -1.2069797515869
 54.689769744873, -1.2069797515869
 54.689687649243, -1.2077578196012
 54.689687649243, -1.2077578196012
 54.689687649243, -1.2077578196012
 54.689687649243, -1.2077578196012
 54.689687649243, -1.2077578196012
 54.689687649243, -1.2077578196012
 54.689687649243, -1.2077578196012
 54.689687649243, -1.2077578196012
 54.689687649243, -1.2077578196012
 54.689502716064, -1.2071800231934
 54.689540863037, -1.2072086334229
 54.689121246338, -1.2077808380127
 54.685745239258, -1.2112712860107
 54.684200286865, -1.2111282348633
 54.682807922363, -1.2109279632568
 54.681453704834, -1.2110710144043
 54.678401947021, -1.2115573883057
 54.671421051025, -1.2096977233887
 54.636077880859, -1.2737274169922
 54.622611999512, -1.2961006164551
 54.613246917725, -1.2998199462891
 54.61124420166, -1.2998199462891
 54.60865020752, -1.299991607666
 54.605464935303, -1.3001346588135
 54.604034423828, -1.2989330291748
 54.602890014648, -1.2976169586182
 54.599170684814, -1.2948417663574
 54.598922729492, -1.2892627716064
 54.598731994629, -1.2851428985596
 54.595928192139, -1.285343170166
 54.59508895874, -1.2876605987549
 54.593868255615, -1.2893199920654
 54.592838287354, -1.2929534912109
 54.592094421387, -1.2968730926514
 54.59285736084, -1.296558380127
 54.597816467285, -1.300106048584
 54.597816467285, -1.300106048584
 54.597816467285, -1.300106048584
 54.597816467285, -1.300106048584
 54.592526579446, -1.2968579507911
 54.651003616496, -1.4413363738058
 54.651003616496, -1.4413363738058
 54.651003616496, -1.4413363738058
 54.651003616496, -1.4413363738058
 54.65268413449, -1.4445200159389
 54.653442285487, -1.4465617088922
 54.653507172284, -1.4496500216141
 54.652503134477, -1.4517099639791
 54.65169375706, -1.4541133367933
 54.650778511711, -1.4567033658709
 54.65012964374, -1.4606249616715
 54.650084386534, -1.4608743755035
 54.650084386534, -1.4608743755035
 54.650084386534, -1.4608743755035
 54.661102294922, -1.6611671447754
 54.661102294922, -1.6611671447754
 54.661750793457, -1.6741275787354
 54.661388397217, -1.6744422912598
 54.66121673584, -1.6755294799805
 54.661159515381, -1.6754150390625
 54.661121368408, -1.675443649292
 54.66028213501, -1.6756725311279
 54.659328460693, -1.6759586334229
 54.658279418945, -1.6763591766357
 54.657039642334, -1.6767311096191
 54.653663635254, -1.6777324676514
 54.65145111084, -1.6784763336182
 54.650058746338, -1.6764450073242
 54.65030670166, -1.6717529296875
 54.650230407715, -1.6710090637207
 54.652709960938, -1.6674327850342
 54.636058807373, -1.6566467285156
 54.634132385254, -1.6557884216309
 54.633045196533, -1.655216217041
 54.633045196533, -1.655216217041
 54.633045196533, -1.655216217041
 54.633045196533, -1.655216217041
 54.633045196533, -1.655216217041
 54.634466465616, -1.6363804904562
 54.633941650391, -1.6362762451172
 54.633903503418, -1.6360759735107
 54.633884429932, -1.6359901428223
 54.633884429932, -1.6359615325928
 54.633865356445, -1.6360187530518
 54.633808135986, -1.6344451904297
 54.630260467529, -1.6144752502441
 54.630260467529, -1.6144752502441
 54.630260467529, -1.6144752502441
 54.630260467529, -1.6144752502441
 54.627819061279, -1.5791130065918
 54.627819061279, -1.5791130065918
 54.627819061279, -1.5791130065918
 54.621429443359, -1.5670680999756
 54.620552062988, -1.5686702728271
 54.620037078857, -1.5696716308594
 54.618034362793, -1.5715312957764
 54.615421295166, -1.5700435638428
 54.613876342773, -1.5697860717773
 54.612331390381, -1.5694999694824
 54.610824584961, -1.569356918335
 54.607429504395, -1.5662956237793
 54.607257843018, -1.563606262207
 54.607028961182, -1.5606307983398
 54.582748413086, -1.5594577789307
 54.564609527588, -1.5494155883789
 54.563045501709, -1.5493297576904
 54.561538696289, -1.549129486084
 54.560031890869, -1.5489864349365
 54.556846618652, -1.5485858917236
 54.555778503418, -1.5483856201172
 54.554195404053, -1.5480136871338
 54.552383422852, -1.5476417541504
 54.549922943115, -1.5466690063477
 54.547462463379, -1.5474128723145
 54.54553604126, -1.5477848052979
 54.54475402832, -1.5480136871338
 54.543018341064, -1.5486431121826
 54.541397094727, -1.5494728088379
 54.539527893066, -1.5511035919189
 54.535942077637, -1.552562713623
 54.533805847168, -1.5530490875244
 54.532222747803, -1.5525341033936
 54.529666900635, -1.5527057647705
 54.528217315674, -1.5530490875244
 54.526767730713, -1.5499305725098
 54.526882171631, -1.549243927002
 54.529056549072, -1.5459823608398
 54.529304504395, -1.545581817627
 54.530200958252, -1.543664932251
 54.530849456787, -1.5422916412354
 54.531230926514, -1.5411472320557
 54.530811309814, -1.5404605865479
 54.530487060547, -1.5405178070068
 54.529113769531, -1.5411472320557
 54.529056549072, -1.5410614013672
 54.529495239258, -1.5409469604492
 54.529647827148, -1.5409755706787
 54.530029296875, -1.5405464172363
 54.53218460083, -1.5374565124512
 54.539947509766, -1.4975452423096
 54.54460144043, -1.4643001556396
 54.541683197021, -1.4423561096191
 54.550304412842, -1.3859081268311
 54.55265045166, -1.3668251037598
 54.552116394043, -1.3286876678467
 54.552249908447, -1.3285446166992
 54.554023742676, -1.3267993927002
 54.55530166626, -1.3277435302734
 54.55530166626, -1.3294315338135
 54.555702209473, -1.3336658477783
 54.555511474609, -1.3368129730225
 54.555530548096, -1.3399028778076
 54.557132720947, -1.345853805542
 54.558277130127, -1.3481140136719
 54.558277130127, -1.3481140136719
 54.558277130127, -1.3481140136719
 54.558277130127, -1.3481140136719
 54.558277130127, -1.3481140136719
 54.562511444092, -1.3381004333496
 54.563522338867, -1.3388442993164
 54.565486907959, -1.3386154174805
 54.567451477051, -1.3385009765625
 54.56901550293, -1.338415145874
 54.571228027344, -1.3382720947266
 54.572582244873, -1.3375282287598
 54.57447052002, -1.3360404968262
 54.575958251953, -1.3341808319092
 54.577884674072, -1.3310050964355
 54.577980041504, -1.3195610046387
 54.56823348999, -1.3034534454346
 54.576034545898, -1.2779903411865
 54.571743011475, -1.2606525421143
 54.567317962646, -1.2551593780518
 54.566287994385, -1.2545299530029
 54.565353393555, -1.2539005279541
 54.565505981445, -1.2514400482178
 54.565486907959, -1.2475490570068
 54.565410614014, -1.2442588806152
 54.565353393555, -1.2411403656006
 54.565601348877, -1.2410545349121
 54.568252563477, -1.2395668029785
 54.570274353027, -1.2388801574707
 54.572219848633, -1.237964630127
 54.572849273682, -1.2354469299316
 54.573707580566, -1.2351036071777
 54.573631286621, -1.2350749969482
