 51.420230865479, -0.33353805541992
 51.420192718506, -0.33356666564941
 51.420249938965, -0.33353805541992
 51.41773223877, -0.33416748046875
 51.415691375732, -0.3347110748291
 51.414051055908, -0.33511161804199
 51.412792205811, -0.33548355102539
 51.411399841309, -0.3357982635498
 51.403671, -0.341263
 51.403671, -0.341263
 51.403671, -0.341263
 51.403671, -0.341263
 51.403671, -0.341263
 51.403671, -0.341263
 51.403671, -0.341263
 51.403175, -0.341059
 51.401562, -0.338945
 51.399151, -0.336671
 51.399151, -0.336671
 51.397144, -0.333967
 51.395699, -0.332036
 51.393288, -0.330105
 51.391468, -0.326371
 51.391495, -0.324483
 51.392513, -0.319848
 51.393314, -0.318217
 51.393314, -0.318217
 51.397572, -0.312252
 51.398052, -0.310965
 51.399715, -0.309763
 51.40258, -0.30869
 51.40464, -0.308819
 51.40464, -0.308819
 51.407532, -0.309076
 51.410717, -0.308905
 51.413288, -0.308475
 51.414948, -0.308347
 51.415695, -0.308175
 51.419014, -0.30663
 51.419685, -0.306716
 51.421772, -0.306158
 51.424847, -0.308218
 51.425732, -0.309291
 51.427525, -0.312595
 51.429291, -0.316973
 51.429291, -0.316973
 51.429905, -0.320535
 51.431297, -0.324783
 51.432339, -0.326543
 51.434189, -0.328088
 51.436031, -0.328259
 51.437263, -0.328946
 51.439644, -0.330749
 51.442692, -0.329933
 51.443657, -0.328217
 51.444351, -0.325985
 51.445316, -0.322552
 51.446037, -0.319805
 51.446545, -0.314612
 51.446545, -0.314612
 51.44767, -0.309849
 51.448978, -0.306244
 51.450905, -0.304098
 51.452164, -0.303369
 51.454407, -0.304012
 51.456173, -0.305386
 51.457775, -0.307617
 51.458927, -0.309892
 51.459969, -0.313411
 51.462723, -0.318089
 51.462723, -0.318089
 51.464195, -0.320106
 51.466122, -0.320406
 51.468739, -0.319719
 51.470879, -0.318904
 51.471439, -0.317788
 51.472374, -0.314612
 51.475021, -0.307617
 51.475021, -0.307617
 51.477055, -0.305343
 51.477962, -0.304785
 51.479778, -0.302854
 51.479778, -0.302854
 51.483894, -0.297575
 51.485554, -0.2947
 51.485554, -0.2947
 51.486969, -0.288692
 51.486916, -0.285773
 51.486008, -0.283241
 51.484882, -0.282168
 51.483414, -0.278049
 51.48093, -0.276031
 51.48093, -0.276031
 51.478043, -0.274701
 51.47625, -0.273628
 51.474194, -0.271482
 51.471973, -0.268049
 51.471973, -0.268049
 51.470985, -0.264487
 51.470825, -0.261183
 51.471706, -0.255861
 51.473286, -0.253029
 51.473286, -0.253029
 51.475155, -0.25157
 51.477642, -0.250411
 51.479832, -0.250239
 51.481865, -0.25054
 51.483494, -0.250025
 51.486435, -0.246034
 51.486435, -0.246034
 51.489239, -0.241227
 51.489239, -0.241227
 51.489799, -0.237708
 51.489532, -0.23376
 51.488598, -0.230713
 51.487183, -0.22861
 51.485207, -0.226979
 51.48304, -0.225906
 51.480553, -0.225348
 51.480553, -0.225348
 51.476437, -0.225048
 51.473873, -0.223503
 51.473873, -0.223503
 51.471439, -0.220928
 51.468445, -0.216765
 51.468445, -0.216765
 51.466469, -0.212131
 51.466469, -0.212131
 51.464996, -0.206208
 51.464088, -0.201788
 51.464088, -0.201788
 51.463688, -0.196424
 51.463688, -0.196424
 51.464008, -0.190973
 51.465851, -0.185223
 51.465851, -0.185223
 51.468498, -0.182047
 51.468498, -0.182047
 51.471813, -0.179729
 51.471813, -0.179729
 51.476036, -0.178142
 51.478577, -0.176897
 51.478577, -0.176897
 51.480686, -0.17458
 51.481812, -0.169473
 51.481812, -0.169473
 51.483013, -0.161362
 51.483013, -0.161362
 51.483013, -0.161362
 51.484161, -0.152135
 51.484161, -0.152135
 51.484642, -0.148015
 51.484589, -0.14441
 51.483894, -0.140762
 51.483948, -0.136213
 51.483948, -0.136213
 51.485207, -0.131149
 51.487316, -0.127544
 51.487316, -0.127544
 51.490173, -0.124497
 51.490173, -0.124497
 51.493675, -0.123038
 51.493675, -0.123038
 51.499687, -0.122051
 51.499687, -0.122051
 51.499687, -0.122051
 51.505535, -0.120978
 51.505535, -0.120978
 51.507996, -0.118532
 51.509384, -0.114326
 51.509384, -0.114326
 51.509838, -0.109477
 51.509865, -0.103769
 51.509865, -0.103769
 51.509251, -0.095701
 51.509251, -0.095701
 51.508102, -0.091238
 51.508102, -0.091238
 51.507782, -0.086946
 51.507275, -0.082741
 51.506847, -0.080209
 51.506065, -0.077248
 51.505543, -0.073814
