 51.367778778076, -0.3065299987793
 51.370525360107, -0.30587196350098
 51.370525360107, -0.30587196350098
 51.375885009766, -0.30349731445312
 51.377334594727, -0.30289649963379
 51.378402709961, -0.30241012573242
 51.38111114502, -0.30132293701172
 51.384143829346, -0.30029296875
 51.386127471924, -0.3006649017334
 51.387615203857, -0.30238151550293
 51.390533447266, -0.30778884887695
 51.391792297363, -0.30790328979492
 51.393795013428, -0.30429840087891
 51.394805908203, -0.30421257019043
 51.396331787109, -0.30398368835449
 51.397762298584, -0.30384063720703
 51.399745941162, -0.30484199523926
 51.401596069336, -0.30424118041992
 51.403675079346, -0.3043270111084
 51.405639648438, -0.303955078125
 51.407318115234, -0.30501365661621
 51.408081054688, -0.30750274658203
 51.408977508545, -0.30409812927246
 51.410789489746, -0.30160903930664
 51.413955688477, -0.30203819274902
 51.415328979492, -0.30106544494629
 51.417980194092, -0.30149459838867
 51.419258117676, -0.3017520904541
 51.420593261719, -0.30223846435547
 51.423797607422, -0.3035831451416
 51.427459716797, -0.30647277832031
 51.430912017822, -0.30707359313965
 51.434268951416, -0.30595779418945
 51.435871124268, -0.3050708770752
 51.439151763916, -0.30418395996094
 51.440944671631, -0.30341148376465
 51.440944671631, -0.30341148376465
 51.446151733398, -0.30303955078125
 51.44624710083, -0.30238151550293
 51.44624710083, -0.30238151550293
 51.448955535889, -0.29903411865234
 51.454696655273, -0.30281066894531
 51.457500457764, -0.30447006225586
 51.459770202637, -0.30632972717285
 51.460361480713, -0.3054141998291
 51.462745666504, -0.30241012573242
 51.464328765869, -0.3006649017334
 51.465625762939, -0.2988338470459
 51.466884613037, -0.29688835144043
 51.472110748291, -0.29294013977051
 51.477031707764, -0.29088020324707
 51.484508514404, -0.29125213623047
 51.484508514404, -0.29125213623047
 51.484508514404, -0.29125213623047
 51.484508514404, -0.29125213623047
 51.484508514404, -0.29125213623047
 51.483071251189, -0.28692616028278
 51.483071251189, -0.28692616028278
 51.483071251189, -0.28692616028278
 51.483071251189, -0.28692616028278
 51.483071251189, -0.28692616028278
 51.483071251189, -0.28692616028278
 51.483071251189, -0.28692616028278
 51.483071251189, -0.28692616028278
 51.483071251189, -0.28692616028278
 51.483071251189, -0.28692616028278
 51.486587524414, -0.28738975524902
 51.486988067627, -0.28741836547852
 51.486988067627, -0.28741836547852
 51.486988067627, -0.28741836547852
 51.486988067627, -0.28741836547852
 51.486988067627, -0.28741836547852
 51.485252380371, -0.30052185058594
 51.484394073486, -0.30298233032227
 51.483058929443, -0.30861854553223
 51.482601165771, -0.31027793884277
 51.481685638428, -0.31439781188965
 51.480407714844, -0.31743049621582
 51.479053497314, -0.32209396362305
 51.477870941162, -0.32569885253906
 51.476573944092, -0.33016204833984
 51.475257873535, -0.33556938171387
 51.475067138672, -0.3391170501709
 51.474895477295, -0.34249305725098
 51.473598480225, -0.34515380859375
 51.472072601318, -0.34878730773926
 51.471214294434, -0.35242080688477
 51.470432281494, -0.35545349121094
 51.469440460205, -0.35954475402832
 51.46936416626, -0.35983085632324
 51.469345092773, -0.35988807678223
 51.468658447266, -0.36237716674805
 51.466808319092, -0.36500930786133
 51.467151641846, -0.36581039428711
 51.47274017334, -0.36706924438477
 51.473083496094, -0.36540985107422
 51.473026275635, -0.3654670715332
 51.47310256958, -0.36540985107422
 51.473083496094, -0.36543846130371
 51.473026275635, -0.36540985107422
 51.473026275635, -0.36540985107422
 51.473026275635, -0.36540985107422
 51.475184454433, -0.37030268815675
 51.475184454433, -0.37030268815675
 51.475184454433, -0.37030268815675
 51.475184454433, -0.37030268815675
 51.475184454433, -0.37030268815675
 51.475184454433, -0.37030268815675
 51.475184454433, -0.37030268815675
 51.475184454433, -0.37030268815675
 51.475184454433, -0.37030268815675
 51.475184454433, -0.37030268815675
 51.473045349121, -0.36532402038574
 51.473064422607, -0.36538124084473
 51.473083496094, -0.36538124084473
 51.473064422607, -0.36538124084473
 51.473045349121, -0.36538124084473
 51.47310256958, -0.36540985107422
 51.473045349121, -0.36529541015625
 51.469879150391, -0.36440849304199
 51.472492218018, -0.36712646484375
 51.478233337402, -0.36346435546875
 51.475143432617, -0.39393424987793
 51.483135223389, -0.40629386901855
 51.492691040039, -0.41098594665527
 51.497936248779, -0.41258811950684
 51.498622894287, -0.41656494140625
 51.500091552734, -0.42079925537109
 51.501159667969, -0.4237174987793
 51.501865386963, -0.42560577392578
 51.502819061279, -0.4280948638916
 51.502170562744, -0.43081283569336
 51.504306793213, -0.42981147766113
 51.506195068359, -0.43121337890625
 51.508159637451, -0.43244361877441
 51.509819030762, -0.43304443359375
 51.511745452881, -0.43335914611816
 51.514549255371, -0.43747901916504
 51.518039703369, -0.44168472290039
 51.519374847412, -0.44451713562012
 51.520843505859, -0.44600486755371
 51.524467468262, -0.44926643371582
 51.525630950928, -0.45310020446777
 51.525821685791, -0.45859336853027
 51.527080535889, -0.46211242675781
 51.527786254883, -0.46451568603516
 51.529331207275, -0.46525955200195
 51.531467437744, -0.46614646911621
 51.533031463623, -0.46917915344238
 51.534118652344, -0.47029495239258
 51.532382965088, -0.47578811645508
 51.535205841064, -0.47610282897949
 51.537113189697, -0.48002243041992
 51.537265777588, -0.48254013061523
 51.539077758789, -0.48196792602539
 51.540393829346, -0.48188209533691
 51.543655395508, -0.48162460327148
 51.544895172119, -0.48090934753418
 51.545448303223, -0.48033714294434
 51.545352935791, -0.48033714294434
 51.545333862305, -0.48027992248535
 51.545391082764, -0.48027992248535
 51.545314788818, -0.48033714294434
 51.545333862305, -0.48036575317383
 51.545295715332, -0.48039436340332
 51.545333862305, -0.48025131225586
 51.545391082764, -0.48019409179688
 51.545352935791, -0.48022270202637
 51.54541015625, -0.48019409179688
 51.5456199646, -0.47996520996094
 51.544971466064, -0.47704696655273
 51.543960571289, -0.4742431640625
 51.544456481934, -0.47301292419434
 51.545524597168, -0.47275543212891
 51.545524597168, -0.47275543212891
 51.545524597168, -0.47275543212891
 51.545524597168, -0.47275543212891
 51.548431, -0.47119
 51.552276611328, -0.46714782714844
 51.55179977417, -0.46686172485352
 51.560592651367, -0.49175262451172
 51.580181121826, -0.49996376037598
 51.580181121826, -0.49996376037598
 51.580181121826, -0.49996376037598
 51.580181121826, -0.49996376037598
 51.585526109425, -0.49816049253781
 51.585526109425, -0.49816049253781
 51.585526109425, -0.49816049253781
 51.585526109425, -0.49816049253781
 51.585526109425, -0.49816049253781
 51.585526109425, -0.49816049253781
 51.585526109425, -0.49816049253781
 51.584758758545, -0.4969596862793
 51.584739685059, -0.49707412719727
 51.583213806152, -0.49919128417969
 51.582126617432, -0.49944877624512
 51.58073425293, -0.49973487854004
 51.579456329346, -0.50036430358887
 51.576690673828, -0.50268173217773
 51.563148498535, -0.49750328063965
 51.559085845947, -0.47101020812988
 51.554756164551, -0.45527458190918
 51.554012298584, -0.4475212097168
 51.552200317383, -0.44148445129395
 51.549072265625, -0.42689323425293
 51.547794342041, -0.39310455322266
 51.542949676514, -0.37696838378906
 51.541156768799, -0.37110328674316
 51.540184020996, -0.37021636962891
 51.538944244385, -0.37035942077637
 51.538944244385, -0.37035942077637
 51.538391113281, -0.37027359008789
 51.538372039795, -0.37027359008789
 51.5380859375, -0.37035942077637
 51.537609100342, -0.37070274353027
 51.53507232666, -0.37124633789062
 51.53507232666, -0.37124633789062
 51.53507232666, -0.37124633789062
 51.53507232666, -0.37124633789062
 51.526218, -0.37368
 51.523392, -0.37452
 51.523392, -0.37452
 51.515769958496, -0.37545204162598
 51.511650085449, -0.37548065185547
 51.5110206604, -0.37359237670898
 51.510810852051, -0.3706169128418
 51.5110206604, -0.36432266235352
 51.510314941406, -0.36031723022461
 51.509284973145, -0.35373687744141
 51.509113311768, -0.35133361816406
 51.508941650391, -0.34704208374023
 51.50857925415, -0.34423828125
 51.508827209473, -0.33780097961426
 51.508769989014, -0.33451080322266
 51.509304046631, -0.33170700073242
 51.509590148926, -0.32773017883301
 51.509819030762, -0.32589912414551
 51.510276794434, -0.32323837280273
 51.510810852051, -0.32052040100098
 51.511688232422, -0.3142261505127
 51.512432098389, -0.30939102172852
 51.51309967041, -0.3043270111084
 51.51159286499, -0.30487060546875
 51.50821685791, -0.30512809753418
 51.507110595703, -0.30501365661621
 51.506042480469, -0.30501365661621
