 52.059268951416, 1.1573696136475
 52.059268951416, 1.1573123931885
 52.059288024902, 1.157341003418
 52.059192657471, 1.1569976806641
 52.058486938477, 1.1562824249268
 52.057132720947, 1.1562252044678
 52.05717086792, 1.1545944213867
 52.057132720947, 1.1529350280762
 52.058544158936, 1.1512470245361
 52.059440612793, 1.1488151550293
 52.058143615723, 1.1474704742432
 52.057876586914, 1.1457538604736
 52.057876586914, 1.1457538604736
 52.057876586914, 1.1457538604736
 52.052421569824, 1.1489868164062
 52.052536010742, 1.144437789917
 52.054061889648, 1.140832901001
 52.053546905518, 1.1255550384521
 52.042922973633, 1.1012363433838
 52.029857635498, 1.0948276519775
 52.029857635498, 1.0948276519775
 51.995906829834, 1.0416412353516
 51.985664367676, 1.0045337677002
 51.967697143555, 0.97695350646973
 51.946620941162, 0.95812797546387
 51.924648284912, 0.93701362609863
 51.91930770874, 0.93295097351074
 51.918601989746, 0.93255043029785
 51.916904449463, 0.93117713928223
 51.914119720459, 0.92931747436523
 51.912517547607, 0.92848777770996
 51.910839080811, 0.92751502990723
 51.909160614014, 0.92642784118652
 51.907424926758, 0.92479705810547
 51.906108856201, 0.92436790466309
 51.903686523438, 0.92399597167969
 51.902351379395, 0.92368125915527
 51.901016235352, 0.92236518859863
 51.898708343506, 0.92059135437012
 51.897068023682, 0.91936111450195
 51.895580291748, 0.9184741973877
 51.893787384033, 0.91793060302734
 51.892337799072, 0.91793060302734
 51.890239715576, 0.91690063476562
 51.889991760254, 0.91446876525879
 51.88985824585, 0.91146469116211
 51.889991760254, 0.90846061706543
 51.889915466309, 0.90714454650879
 51.889572143555, 0.90276718139648
 51.889743804932, 0.89984893798828
 51.890048980713, 0.89632987976074
 51.892337799072, 0.8961296081543
 51.892585754395, 0.89435577392578
 51.896743774414, 0.8902645111084
 51.892642974854, 0.86520195007324
 51.891403198242, 0.84454536437988
 51.886615753174, 0.80798149108887
 51.874732971191, 0.77536582946777
 51.859092712402, 0.74535369873047
 51.859092712402, 0.74535369873047
 51.827278137207, 0.69917678833008
 51.816501617432, 0.66607475280762
 51.796340942383, 0.65168380737305
 51.787014007568, 0.63986778259277
 51.777801513672, 0.6005859375
 51.777153015137, 0.59926986694336
 51.776027679443, 0.60050010681152
 51.774444580078, 0.6024169921875
 51.774005889893, 0.60298919677734
 51.774005889893, 0.60298919677734
 51.774005889893, 0.60298919677734
 51.774005889893, 0.60298919677734
 51.774005889893, 0.60298919677734
 51.742859623524, 0.68123170195541
 51.74165751023, 0.68376500844638
 51.741094019624, 0.6846383121648
 51.73922937798, 0.68385001228502
 51.737402302377, 0.68174001744007
 51.736008943787, 0.68047835343429
 51.734646321047, 0.67902330969766
 51.732590434107, 0.67852166431964
 51.731562490637, 0.67626332630362
 51.731220981178, 0.67467162542272
 51.729298282927, 0.67576669684576
 51.731281280518, 0.67505836486816
 51.729125976562, 0.67583084106445
 51.72887802124, 0.67580223083496
 51.728858947754, 0.67583084106445
 51.728820800781, 0.67585945129395
 51.72887802124, 0.67574501037598
 51.728858947754, 0.67580223083496
 51.728839874268, 0.67580223083496
 51.728858947754, 0.67585945129395
 51.728839874268, 0.67580223083496
 51.728858947754, 0.67580223083496
 51.728801727295, 0.67588806152344
 51.726913452148, 0.67625999450684
 51.725063323975, 0.67688941955566
 51.723175048828, 0.67757606506348
 51.720848083496, 0.67800521850586
 51.718883514404, 0.67771911621094
 51.717720031738, 0.67617416381836
 51.705703735352, 0.67791938781738
 51.705703735352, 0.67791938781738
 51.705703735352, 0.67791938781738
 51.658382415771, 0.68475723266602
 51.658382415771, 0.68475723266602
 51.658382415771, 0.68475723266602
 51.65412902832, 0.61326026916504
 51.648120880127, 0.59466361999512
 51.62935256958, 0.57440757751465
 51.617050170898, 0.56736946105957
 51.598701477051, 0.5760669708252
 51.595153808594, 0.59060096740723
 51.594867706299, 0.59191703796387
 51.594104766846, 0.59466361999512
 51.593971252441, 0.59566497802734
 51.593494415283, 0.59855461120605
 51.592292785645, 0.60218811035156
 51.591453552246, 0.60276031494141
 51.589126586914, 0.60084342956543
 51.589126586914, 0.60084342956543
 51.587390899658, 0.6016731262207
 51.587390899658, 0.6016731262207
 51.587390899658, 0.6016731262207
 51.587390899658, 0.6016731262207
 51.577879294762, 0.5993969014873
 51.558605025379, 0.69586500872619
 51.558605025379, 0.69586500872619
 51.557710270598, 0.69838006580551
 51.556593534669, 0.70094666946868
 51.562767028809, 0.67414283752441
 51.559524536133, 0.68962097167969
 51.55948638916, 0.69007873535156
 51.558704376221, 0.69540023803711
 51.558113098145, 0.69740295410156
 51.556911468506, 0.70032119750977
 51.554889678955, 0.70120811462402
 51.552581787109, 0.70195198059082
 51.550788879395, 0.70341110229492
 51.548843383789, 0.70469856262207
 51.548156738281, 0.70541381835938
 51.547222137451, 0.70621490478516
 51.546401977539, 0.70681571960449
 51.545848846436, 0.70735931396484
 51.54541015625, 0.70773124694824
 51.544799804688, 0.70818901062012
 51.544075012207, 0.70884704589844
 51.543388366699, 0.7093334197998
 51.542224884033, 0.71050643920898
 51.541042327881, 0.71136474609375
 51.541519165039, 0.71396827697754
 51.540279388428, 0.71697235107422
 51.540126800537, 0.71462631225586
 51.536064147949, 0.71479797363281
 51.535148620605, 0.72312355041504
 51.533069610596, 0.72409629821777
 51.533069610596, 0.72418212890625
 51.533088684082, 0.72421073913574
 51.533088684082, 0.72412490844727
 51.533069610596, 0.72409629821777
 51.533088684082, 0.72415351867676
 51.533069610596, 0.72412490844727
 51.533050537109, 0.72409629821777
 51.533088684082, 0.72412490844727
 51.533088684082, 0.72412490844727
 51.533088684082, 0.72412490844727
 51.533088684082, 0.72409629821777
 51.533088684082, 0.72409629821777
 51.533069610596, 0.72412490844727
 51.533069610596, 0.72415351867676
 51.533088684082, 0.72412490844727
 51.533031463623, 0.72409629821777
 51.533050537109, 0.72412490844727
 51.533069610596, 0.72412490844727
 51.533050537109, 0.72412490844727
 51.533069610596, 0.72409629821777
 51.533088684082, 0.72415351867676
 51.533069610596, 0.72409629821777
 51.533088684082, 0.72409629821777
 51.533069610596, 0.72412490844727
 51.532573699951, 0.7240104675293
 51.532917022705, 0.72132110595703
 51.533050537109, 0.71714401245117
 51.533241271973, 0.71399688720703
 51.533336639404, 0.71022033691406
 51.533184051514, 0.70687294006348
 51.533489227295, 0.70243835449219
 51.533794403076, 0.69969177246094
 51.53413772583, 0.69766044616699
 51.53470993042, 0.69474220275879
 51.535110473633, 0.69253921508789
 51.535472869873, 0.68910598754883
 51.535758972168, 0.68530082702637
 51.536045074463, 0.68175315856934
 51.537036895752, 0.67766189575195
 51.538906097412, 0.67789077758789
 51.540565490723, 0.67869186401367
 51.541900634766, 0.67926406860352
 51.543083190918, 0.67966461181641
 51.544799804688, 0.67957878112793
 51.545658111572, 0.67869186401367
 51.545810699463, 0.67480087280273
 51.545810699463, 0.67480087280273
 51.546840667725, 0.66936492919922
 51.547164916992, 0.66653251647949
 51.547355651855, 0.66432952880859
 51.547622680664, 0.66118240356445
 51.548042297363, 0.65523147583008
 51.548347473145, 0.65251350402832
 51.548461914062, 0.64796447753906
 51.54821395874, 0.64453125
 51.548366546631, 0.64092636108398
 51.547737121582, 0.63677787780762
 51.548194885254, 0.63403129577637
 51.548347473145, 0.63137054443359
 51.54878616333, 0.62776565551758
 51.549205780029, 0.62490463256836
 51.549797058105, 0.62241554260254
 51.550445556641, 0.61829566955566
 51.551189422607, 0.61434745788574
 51.552715301514, 0.60999870300293
 51.553745269775, 0.60690879821777
 51.554985046387, 0.60298919677734
 51.553611755371, 0.60018539428711
 51.552314758301, 0.59835433959961
 51.550998687744, 0.59629440307617
 51.551055908203, 0.59520721435547
 51.551036834717, 0.59520721435547
 51.551036834717, 0.59523582458496
 51.551094055176, 0.59520721435547
 51.551055908203, 0.59523582458496
 51.551036834717, 0.59523582458496
 51.548738499613, 0.5975725225549
 51.548738499613, 0.5975725225549
 51.548738499613, 0.5975725225549
 51.548544376874, 0.59841678085521
 51.548055452157, 0.59752786346739
 51.548055452157, 0.59752786346739
 51.548049374957, 0.59559905267601
 51.548049374957, 0.59559905267601
 51.548401569029, 0.595015242283
 51.548755017356, 0.59505138825943
 51.549009265827, 0.59605546046659
 51.549023949626, 0.59699823854799
 51.551074981689, 0.59514999389648
 51.551609039307, 0.59557914733887
 51.552295684814, 0.59826850891113
 51.552314758301, 0.59826850891113
 51.552314758301, 0.59826850891113
 51.553382873535, 0.5998706817627
 51.554908752441, 0.60190200805664
 51.555690765381, 0.60256004333496
 51.557140350342, 0.60018539428711
 51.559753417969, 0.60009956359863
 51.561756134033, 0.60015678405762
 51.563148498535, 0.59878349304199
 51.564750671387, 0.59675216674805
 51.566429138184, 0.5965518951416
 51.568012237549, 0.59609413146973
 51.569538116455, 0.59503555297852
 51.570777893066, 0.59457778930664
 51.572818756104, 0.59555053710938
 51.572818756104, 0.59555053710938
 51.572818756104, 0.59555053710938
 51.572818756104, 0.59555053710938
 51.572818756104, 0.59555053710938
 51.589889526367, 0.52957534790039
 51.592407226562, 0.49163818359375
 51.586799621582, 0.45384407043457
 51.581039428711, 0.44268608093262
 51.579494476318, 0.44526100158691
 51.579685211182, 0.44626235961914
 51.580467224121, 0.45112609863281
 51.580772399902, 0.45441627502441
 51.57958984375, 0.44906616210938
 51.579189300537, 0.44815063476562
 51.579189300537, 0.44815063476562
 51.579246520996, 0.44815063476562
 51.579170227051, 0.44815063476562
 51.579189300537, 0.44812202453613
 51.579074859619, 0.44820785522461
 51.579093933105, 0.44820785522461
 51.579093933105, 0.44820785522461
 51.579093933105, 0.44820785522461
 51.579627990723, 0.44903755187988
 51.579685211182, 0.4493236541748
 51.579685211182, 0.4493522644043
 51.579551696777, 0.44600486755371
 51.57735824585, 0.44460296630859
 51.575126647949, 0.44631958007812
 51.57341003418, 0.44795036315918
 51.572437286377, 0.44938087463379
 51.569900512695, 0.45209884643555
 51.56888961792, 0.45435905456543
 51.56888961792, 0.45435905456543
 51.567726135254, 0.4606819152832
 51.56717300415, 0.4573917388916
 51.56759262085, 0.45578956604004
 51.567783355713, 0.45558929443359
 51.567821502686, 0.45558929443359
 51.567840576172, 0.45553207397461
 51.567878723145, 0.45558929443359
 51.567821502686, 0.45553207397461
 51.566963195801, 0.45212745666504
 51.566410064697, 0.4522705078125
 51.564502716064, 0.45281410217285
 51.56343460083, 0.45310020446777
 51.550025939941, 0.46339988708496
 51.545372009277, 0.45201301574707
 51.517810821533, 0.41922569274902
 51.508502960205, 0.39444923400879
 51.501331329346, 0.3658390045166
 51.494693756104, 0.35345077514648
 51.488971710205, 0.34343719482422
 51.488971710205, 0.34343719482422
 51.488971710205, 0.34343719482422
 51.488971710205, 0.34343719482422
 51.481007246219, 0.33200831851959
 51.48054620845, 0.3303283321076
 51.4817237854, 0.33388137817383
 51.480865478516, 0.33153533935547
 51.479949951172, 0.32795906066895
 51.478424072266, 0.32309532165527
 51.478309631348, 0.32229423522949
 51.480255126953, 0.31949043273926
 51.481380462646, 0.31951904296875
 51.48567199707, 0.31926155090332
 51.493129730225, 0.31728744506836
 51.504898071289, 0.34194946289062
 51.502666473389, 0.36186218261719
 51.51517868042, 0.38148880004883
 51.537799835205, 0.37359237670898
 51.560077667236, 0.36169052124023
 51.579513549805, 0.36111831665039
 51.579513549805, 0.36111831665039
 51.579513549805, 0.36111831665039
 51.579513549805, 0.36111831665039
 51.579513549805, 0.36111831665039
 51.60357157578, 0.34155001274883
 51.60435363244, 0.34065667203018
 51.606185591036, 0.33757733125246
 51.599540710449, 0.34669876098633
 51.599540710449, 0.34669876098633
 51.599540710449, 0.34669876098633
 51.599540710449, 0.34669876098633
 51.599540710449, 0.34669876098633
 51.617908142848, 0.31093833218846
 51.618430652319, 0.30887665559572
 51.619492746735, 0.30725664678238
 51.621418860081, 0.30580832651324
 51.621989180877, 0.30726665194234
 51.622873690374, 0.30937333841446
 51.625151558463, 0.31398833181797
 51.626039483055, 0.31504167505404
 51.626515098833, 0.31562984406049
 51.626515098833, 0.31562984406049
 51.626515098833, 0.31562984406049
 51.708573058218, 0.4412615084585
 51.708573058218, 0.4412615084585
 51.644554138184, 0.34300804138184
 51.656799316406, 0.36272048950195
 51.668071746826, 0.37293434143066
 51.675624847412, 0.38849830627441
 51.704998016357, 0.43807983398438
 51.708831787109, 0.43971061706543
