 52.209377288818, 0.11715888977051
 52.209377288818, 0.11715888977051
 52.209358215332, 0.11715888977051
 52.209396362305, 0.11710166931152
 52.209396362305, 0.11724472045898
 52.209434509277, 0.11724472045898
 52.209358215332, 0.11721611022949
 52.209415435791, 0.11715888977051
 52.206158230384, 0.11405916533516
 52.206158230384, 0.11405916533516
 52.206645657369, 0.11391651635269
 52.207291820121, 0.11426760034745
 52.20752073099, 0.11514080698037
 52.207761915183, 0.11555538634411
 52.208596546229, 0.11587833885204
 52.208596546229, 0.11587833885204
 52.209440513582, 0.11597696182437
 52.210063934326, 0.11630058288574
 52.211456298828, 0.11418342590332
 52.21305847168, 0.11258125305176
 52.21492767334, 0.10883331298828
 52.216186523438, 0.10634422302246
 52.217311859131, 0.10434150695801
 52.219257354736, 0.1003360748291
 52.220363616943, 0.098133087158203
 52.221603393555, 0.095815658569336
 52.223072052002, 0.092554092407227
 52.223072052002, 0.092554092407227
 52.233371734619, 0.068836212158203
 52.244529724121, 0.049724578857422
 52.255439758301, 0.0274658203125
 52.265682220459, 0.0042629241943359
 52.27560043335, -0.018281936645508
 52.285556793213, -0.041027069091797
 52.290592193604, -0.052700042724609
 52.290592193604, -0.052700042724609
 52.290592193604, -0.052700042724609
 52.319774627686, -0.069265365600586
 52.324447631836, -0.069980621337891
 52.323017120361, -0.072269439697266
 52.323017120361, -0.072269439697266
 52.326278686523, -0.078420639038086
 52.328052520752, -0.077676773071289
 52.329654693604, -0.076503753662109
 52.332229614258, -0.076303482055664
 52.333126068115, -0.079536437988281
 52.333469390869, -0.082941055297852
 52.33362197876, -0.086288452148438
 52.334117889404, -0.10268211364746
 52.336330413818, -0.12911796569824
 52.340564727783, -0.15183448791504
 52.339134216309, -0.15463829040527
 52.338676452637, -0.15572547912598
 52.337913513184, -0.15838623046875
 52.337589263916, -0.1596736907959
 52.337112426758, -0.16133308410645
 52.336387634277, -0.1625919342041
 52.33570098877, -0.16385078430176
 52.335357666016, -0.16470909118652
 52.335357666016, -0.16470909118652
 52.337760925293, -0.16968727111816
 52.337608337402, -0.17292022705078
 52.337608337402, -0.16942977905273
 52.3366355896, -0.1680850982666
 52.3362159729, -0.16631126403809
 52.335433959961, -0.16485214233398
 52.334098815918, -0.16777038574219
 52.33341217041, -0.16931533813477
 52.332420349121, -0.17194747924805
 52.331428527832, -0.17440795898438
 52.329940795898, -0.17578125
 52.32837677002, -0.17775535583496
 52.32780456543, -0.18141746520996
 52.329406738281, -0.18193244934082
 52.330188751221, -0.18304824829102
 52.330951690674, -0.18507957458496
 52.33003616333, -0.18774032592773
 52.329769134521, -0.19203186035156
 52.326507568359, -0.2003002166748
 52.325382232666, -0.22653579711914
 52.332153320312, -0.24744987487793
 52.308502197266, -0.24378776550293
 52.289581298828, -0.25694847106934
 52.265892028809, -0.26132583618164
 52.242889404297, -0.2775764465332
 52.220401763916, -0.29891967773438
 52.19596862793, -0.29823303222656
 52.185955047607, -0.30404090881348
 52.168521881104, -0.34635543823242
 52.156238555908, -0.37885665893555
 52.14958190918, -0.39765357971191
 52.144031524658, -0.4244327545166
 52.143249511719, -0.42720794677734
 52.14282989502, -0.42872428894043
 52.141952514648, -0.43041229248047
 52.140827178955, -0.43084144592285
 52.139492034912, -0.4317569732666
 52.137660980225, -0.43272972106934
 52.13472366333, -0.43416023254395
 52.133197784424, -0.43630599975586
 52.132797241211, -0.4387378692627
 52.133140563965, -0.44142723083496
 52.133636474609, -0.44185638427734
 52.133445739746, -0.44134140014648
 52.133445739746, -0.44134140014648
 52.133464813232, -0.44131278991699
 52.13342666626, -0.44131278991699
 52.133445739746, -0.44134140014648
 52.133445739746, -0.44137001037598
 52.133655548096, -0.44197082519531
 52.134399414062, -0.44431686401367
 52.133045196533, -0.44729232788086
 52.133922576904, -0.45124053955078
 52.133922576904, -0.45418739318848
 52.134590148926, -0.45707702636719
 52.134780883789, -0.46113967895508
 52.134780883789, -0.46308517456055
 52.134761810303, -0.46528816223145
 52.134494781494, -0.4662036895752
 52.133560180664, -0.46606063842773
 52.132110595703, -0.46548843383789
 52.131042480469, -0.46511650085449
 52.129440307617, -0.46339988708496
 52.127990722656, -0.46171188354492
 52.126693725586, -0.45990943908691
 52.125587463379, -0.45853614807129
 52.123699188232, -0.45624732971191
 52.122268676758, -0.45427322387695
 52.120914459229, -0.45235633850098
 52.120914459229, -0.45235633850098
 52.119922637939, -0.44843673706055
 52.119922637939, -0.44843673706055
 52.120037078857, -0.43790817260742
 52.114200592041, -0.43375968933105
 52.1067237854, -0.42909622192383
 52.09810256958, -0.41871070861816
 52.096538543701, -0.41759490966797
 52.093639373779, -0.41954040527344
 52.090969085693, -0.41705131530762
 52.090015411377, -0.41584968566895
 52.075824737549, -0.3980541229248
 52.06392288208, -0.37550926208496
 52.050170898438, -0.35279273986816
 52.050170898438, -0.35279273986816
 52.030849456787, -0.33259391784668
 52.026748657227, -0.28656005859375
 52.0237159729, -0.25208473205566
 52.00813293457, -0.23720741271973
 52.004776000977, -0.21763801574707
 51.995830535889, -0.20733833312988
 51.994304656982, -0.20848274230957
 51.994304656982, -0.20848274230957
 51.991500854492, -0.21286010742188
 51.9899559021, -0.21520614624023
 51.988658905029, -0.21895408630371
 51.988010406494, -0.22210121154785
 51.986179351807, -0.22190093994141
 51.984920501709, -0.22198677062988
 51.983070373535, -0.22364616394043
 51.981334686279, -0.22387504577637
 51.980113983154, -0.22673606872559
 51.978664398193, -0.22828102111816
 51.977272033691, -0.22899627685547
 51.977310180664, -0.22636413574219
 51.977443695068, -0.22384643554688
 51.975803375244, -0.22293090820312
 51.975555419922, -0.22018432617188
 51.975402832031, -0.21812438964844
 51.975402832031, -0.21812438964844
 51.963996887207, -0.20247459411621
 51.94637298584, -0.21174430847168
 51.929111480713, -0.21546363830566
 51.920890808105, -0.20859718322754
 51.916561126709, -0.20856857299805
 51.913948059082, -0.20914077758789
 51.910800933838, -0.20791053771973
 51.910190582275, -0.20753860473633
 51.908740997314, -0.20567893981934
 51.907901763916, -0.20547866821289
 51.907997131348, -0.20087242126465
 51.908283233643, -0.1926326751709
 51.90544128418, -0.19672393798828
 51.905384063721, -0.19761085510254
 51.905403137207, -0.19758224487305
 51.905345916748, -0.19769668579102
 51.905422210693, -0.19766807556152
 51.905422210693, -0.19755363464355
 51.905460357666, -0.19761085510254
 51.905460357666, -0.19761085510254
 51.905460357666, -0.19761085510254
 51.905460357666, -0.19761085510254
 51.905460357666, -0.19761085510254
 51.90525420123, -0.19991998385183
 51.90525420123, -0.19991998385183
 51.90525420123, -0.19991998385183
 51.90525420123, -0.19991998385183
 51.90544128418, -0.19763946533203
 51.905422210693, -0.19763946533203
 51.905422210693, -0.19763946533203
 51.905422210693, -0.19912719726562
 51.905422210693, -0.19941329956055
 51.905403137207, -0.19947052001953
 51.903095245361, -0.19952774047852
 51.901092529297, -0.19895553588867
 51.899108886719, -0.19841194152832
 51.898899078369, -0.20121574401855
 51.898651123047, -0.20359039306641
 51.897964477539, -0.20668029785156
 51.895351409912, -0.20813941955566
 51.883964538574, -0.20453453063965
 51.862125396729, -0.19643783569336
 51.836967468262, -0.20602226257324
 51.823120117188, -0.20018577575684
 51.813430786133, -0.2021312713623
 51.811714172363, -0.20296096801758
 51.809272766113, -0.20439147949219
 51.806716918945, -0.20633697509766
 51.804752349854, -0.20625114440918
 51.803932189941, -0.20713806152344
 51.80196762085, -0.20839691162109
 51.80046081543, -0.20919799804688
 51.798915863037, -0.20999908447266
 51.797332763672, -0.21108627319336
 51.795692443848, -0.21200180053711
 51.793994903564, -0.21283149719238
 51.792411804199, -0.21274566650391
 51.793193817139, -0.20994186401367
 51.793842315674, -0.20759582519531
 51.793842315674, -0.20524978637695
 51.792316436768, -0.20376205444336
 51.7897605896, -0.20379066467285
 51.787376403809, -0.20447731018066
 51.77433013916, -0.20447731018066
 51.764163970947, -0.21486282348633
 51.760082244873, -0.21331787109375
 51.7600440979, -0.21340370178223
 51.7600440979, -0.21340370178223
 51.760101318359, -0.21334648132324
 51.760063171387, -0.21334648132324
 51.7600440979, -0.21334648132324
 51.7600440979, -0.21334648132324
 51.760025024414, -0.21334648132324
 51.760005950928, -0.21334648132324
 51.7600440979, -0.21334648132324
 51.7600440979, -0.21334648132324
 51.760063171387, -0.21334648132324
 51.7600440979, -0.21334648132324
 51.760063171387, -0.21334648132324
 51.760063171387, -0.21334648132324
 51.760063171387, -0.21334648132324
 51.760063171387, -0.21334648132324
 51.760063171387, -0.21334648132324
 51.760604401853, -0.21440353677482
 51.761303108618, -0.21524986485726
 51.762161738118, -0.21760666532608
 51.76255788909, -0.22083334273952
 51.760749816895, -0.21512031555176
 51.762199401855, -0.21778106689453
 51.762428283691, -0.21995544433594
 51.763114929199, -0.22407531738281
 51.761684417725, -0.22679328918457
 51.761379241943, -0.23074150085449
 51.761302947998, -0.23274421691895
 51.760711669922, -0.23457527160645
 51.760158538818, -0.23574829101562
 51.759185791016, -0.23966789245605
 51.760349273682, -0.24201393127441
 51.761112213135, -0.24547576904297
 51.762752532959, -0.2460765838623
 51.760921478271, -0.25105476379395
 51.760883331299, -0.25105476379395
 51.760940551758, -0.25102615356445
 51.760940551758, -0.25102615356445
 51.760883331299, -0.25096893310547
 51.760864257812, -0.25102615356445
 51.760959625244, -0.25114059448242
 51.760921478271, -0.25105476379395
 51.760921478271, -0.25105476379395
 51.760921478271, -0.25105476379395
 51.760921478271, -0.25105476379395
 51.760959625244, -0.25105476379395
 51.759567260742, -0.2515983581543
 51.759243011475, -0.25428771972656
 51.758499145508, -0.25766372680664
 51.753215789795, -0.27520179748535
 51.751499176025, -0.28395652770996
 51.751461029053, -0.28404235839844
 51.751365661621, -0.2860164642334
 51.751365661621, -0.28704643249512
 51.751327514648, -0.28953552246094
 51.751308441162, -0.2911376953125
 51.751289367676, -0.29125213623047
 51.75163269043, -0.2940559387207
 51.751918792725, -0.29608726501465
 51.752052307129, -0.29857635498047
 51.752014160156, -0.29963493347168
 51.752147674561, -0.3014087677002
 51.75271987915, -0.30501365661621
 51.752662658691, -0.30738830566406
 51.752014160156, -0.3105354309082
 51.752033233643, -0.31296730041504
 51.75220489502, -0.31459808349609
 51.75256729126, -0.31797409057617
 51.751728057861, -0.32197952270508
 51.753044128418, -0.32798767089844
 51.753406524658, -0.32933235168457
 51.754188537598, -0.33405303955078
 51.755294799805, -0.33737182617188
 51.756210327148, -0.33966064453125
 51.75609588623, -0.34091949462891
 51.75609588623, -0.3435230255127
 51.756420135498, -0.34709930419922
 51.75651550293, -0.34953117370605
 51.757144927979, -0.35181999206543
 51.749649047852, -0.36057472229004
 51.741962432861, -0.40726661682129
 51.744804382324, -0.42008399963379
 51.746101379395, -0.42483329772949
 51.74690246582, -0.4277229309082
 51.747589111328, -0.43118476867676
 51.748008728027, -0.43238639831543
 51.748752593994, -0.43418884277344
 51.749248504639, -0.43496131896973
 51.749248504639, -0.43496131896973
 51.752700805664, -0.4354190826416
 51.753063201904, -0.43756484985352
 51.75199508667, -0.44002532958984
 51.750583648682, -0.44320106506348
 51.749000549316, -0.4471492767334
 51.74934387207, -0.45072555541992
 51.74991607666, -0.45375823974609
 51.749935150146, -0.45830726623535
 51.749744415283, -0.46051025390625
 51.749229431152, -0.46314239501953
 51.748008728027, -0.46680450439453
 51.747016906738, -0.46992301940918
 51.746578216553, -0.47295570373535
 51.747531890869, -0.47515869140625
 51.74840927124, -0.47361373901367
 51.751270294189, -0.47232627868652
 51.751270294189, -0.47229766845703
 51.751899719238, -0.47229766845703
 51.752777099609, -0.47235488891602
 51.753807067871, -0.47249794006348
 51.755523681641, -0.47264099121094
 51.757888793945, -0.47152519226074
 51.758213043213, -0.46909332275391
 51.758708953857, -0.46586036682129
 51.759071350098, -0.46422958374023
 51.759605407715, -0.46205520629883
 51.759471893311, -0.45985221862793
 51.765022277832, -0.44920921325684
 51.771125793457, -0.44843673706055
 51.78258895874, -0.41948318481445
 51.794013977051, -0.39353370666504
 51.806793212891, -0.39101600646973
 51.819076538086, -0.41401863098145
 51.829891204834, -0.41899681091309
 51.850719451904, -0.42280197143555
 51.861972808838, -0.41622161865234
 51.862087249756, -0.41633605957031
 51.866054534912, -0.41790962219238
 51.867733001709, -0.41868209838867
 51.870708465576, -0.41776657104492
 51.872863769531, -0.41805267333984
 51.87520980835, -0.41604995727539
 51.87650680542, -0.4156494140625
 51.877689361572, -0.41459083557129
