 54.998149871826, -7.31858253479
 54.996318817139, -7.3166656494141
 54.994220733643, -7.3159503936768
 54.992408752441, -7.3183536529541
 54.990520477295, -7.3178672790527
 54.988784790039, -7.3166084289551
 54.983100891113, -7.3340034484863
 54.968166351318, -7.3543739318848
 54.9635887146, -7.3555183410645
 54.960651397705, -7.3569488525391
 54.95922088623, -7.3586368560791
 54.957466125488, -7.3614406585693
 54.956836700439, -7.3624134063721
 54.956836700439, -7.3624134063721
 54.942588806152, -7.3804664611816
 54.940910339355, -7.3836994171143
 54.940910339355, -7.3836994171143
 54.940910339355, -7.3836994171143
 54.926815032959, -7.4069881439209
 54.926815032959, -7.4069881439209
 54.926815032959, -7.4069881439209
 54.926815032959, -7.4069881439209
 54.916343688965, -7.419548034668
 54.913158416748, -7.4202060699463
 54.895629882812, -7.4206066131592
 54.871368408203, -7.4237251281738
 54.871368408203, -7.4237251281738
 54.860744476318, -7.4276733398438
 54.860744476318, -7.4276733398438
 54.860744476318, -7.4276733398438
 54.856929779053, -7.4308776855469
 54.846782684326, -7.4440097808838
 54.842357635498, -7.4507904052734
 54.840469360352, -7.4533939361572
 54.839305877686, -7.4545669555664
 54.839305877686, -7.4545669555664
 54.839305877686, -7.4545669555664
 54.839305877686, -7.4545669555664
 54.839305877686, -7.4545669555664
 54.82795715332, -7.463321685791
 54.826374053955, -7.4630069732666
 54.82385635376, -7.4650955200195
 54.82349395752, -7.4709892272949
 54.823226928711, -7.474479675293
 54.821491241455, -7.4790287017822
 54.797420501709, -7.4754810333252
 54.792327880859, -7.4743366241455
 54.790363311768, -7.4736785888672
 54.788932800293, -7.4732208251953
 54.786186218262, -7.47239112854
 54.784526824951, -7.4717903137207
 54.781799316406, -7.4701309204102
 54.780082702637, -7.4690723419189
 54.764862060547, -7.4661540985107
 54.743957519531, -7.4402046203613
 54.727268218994, -7.4073028564453
 54.719524383545, -7.3671340942383
 54.695014953613, -7.3537445068359
 54.669933319092, -7.3472213745117
 54.659194946289, -7.3373222351074
 54.658374786377, -7.3358345031738
 54.658393859863, -7.3357200622559
 54.658393859863, -7.3358058929443
 54.658355712891, -7.3357200622559
 54.658298492432, -7.3354053497314
 54.658298492432, -7.3354053497314
 54.658298492432, -7.3354053497314
 54.658298492432, -7.3354053497314
 54.658317565918, -7.3357772827148
 54.658298492432, -7.3357772827148
 54.658298492432, -7.3357772827148
 54.659023284912, -7.3362922668457
 54.643688201904, -7.3431015014648
 54.623737335205, -7.3360347747803
 54.618644714355, -7.3319149017334
 54.616928100586, -7.3301124572754
 54.614105224609, -7.3263931274414
 54.612674713135, -7.3247337341309
 54.612674713135, -7.3247337341309
 54.612674713135, -7.3247337341309
 54.606781005859, -7.3189830780029
 54.606037139893, -7.3179817199707
 54.605255126953, -7.3162078857422
 54.605255126953, -7.3162078857422
 54.602146148682, -7.3070240020752
 54.602031707764, -7.3010444641113
 54.600296020508, -7.2988986968994
 54.600009918213, -7.3016452789307
 54.599685668945, -7.3044490814209
 54.598655700684, -7.3082256317139
 54.595699310303, -7.3106575012207
 54.593772888184, -7.3121738433838
 54.591789245605, -7.314977645874
 54.589595794678, -7.3217296600342
 54.576797485352, -7.3492527008057
 54.576797485352, -7.3492527008057
 54.542331695557, -7.4136829376221
 54.529094696045, -7.430362701416
 54.519462585449, -7.4490737915039
 54.518508911133, -7.4501037597656
 54.516353607178, -7.4519062042236
 54.514923095703, -7.4547672271729
 54.514923095703, -7.4547672271729
 54.514923095703, -7.4547672271729
 54.514923095703, -7.4547672271729
 54.514923095703, -7.4547672271729
 54.513876427387, -7.4576250723382
 54.513704471409, -7.459033331107
 54.51195, -7.45846
 54.51158, -7.46141
 54.511778475547, -7.4624670154803
 54.475936889648, -7.6194477081299
 54.475555419922, -7.6209926605225
 54.474811553955, -7.6240253448486
 54.474010467529, -7.6273727416992
 54.473285675049, -7.6302051544189
 54.473056793213, -7.631778717041
 54.471263885498, -7.6332950592041
 54.470462799072, -7.6314640045166
 54.469394683838, -7.6293182373047
 54.468154907227, -7.6271438598633
 54.466667175293, -7.6260852813721
 54.466152191162, -7.6257705688477
 54.466152191162, -7.6257705688477
 54.429168701172, -7.624683380127
 54.416065216064, -7.6259994506836
 54.416065216064, -7.6259994506836
 54.416065216064, -7.6259994506836
 54.37427520752, -7.6338672637939
 54.361782073975, -7.6354122161865
 54.352684020996, -7.6245403289795
 54.347095489502, -7.6295757293701
 54.344730377197, -7.6304912567139
 54.344043731689, -7.6348972320557
 54.34440612793, -7.6382160186768
 54.346237182617, -7.6411056518555
 54.347858428955, -7.6405620574951
 54.347591400146, -7.6435947418213
 54.346904754639, -7.6439094543457
 54.34591293335, -7.6437950134277
 54.346370697021, -7.6448249816895
 54.346332550049, -7.6447677612305
 54.346389770508, -7.6447677612305
 54.346389770508, -7.64479637146
 54.346408843994, -7.6448249816895
 54.346351623535, -7.6448249816895
 54.346332550049, -7.64479637146
 54.346332550049, -7.64479637146
 54.346332550049, -7.64479637146
 54.346332550049, -7.64479637146
 54.346332550049, -7.64479637146
 54.346162805783, -7.6427104969011
 54.346162805783, -7.6427104969011
 54.346162805783, -7.6427104969011
 54.346162805783, -7.6427104969011
 54.346162805783, -7.6427104969011
 54.346162805783, -7.6427104969011
 54.346162805783, -7.6427104969011
 54.346162805783, -7.6427104969011
 54.346162805783, -7.6427104969011
 54.346162805783, -7.6427104969011
 54.346162805783, -7.6427104969011
 54.346162805783, -7.6427104969011
 54.346162805783, -7.6427104969011
 54.346162805783, -7.6427104969011
 54.346162805783, -7.6427104969011
 54.346162805783, -7.6427104969011
 54.346162805783, -7.6427104969011
 54.346162805783, -7.6427104969011
 54.346351623535, -7.6447677612305
 54.346294403076, -7.64479637146
 54.346313476562, -7.6447677612305
 54.346370697021, -7.6447677612305
 54.346294403076, -7.6447677612305
 54.346332550049, -7.6447677612305
 54.346313476562, -7.6447677612305
 54.346084594727, -7.6442527770996
 54.346027374268, -7.6424217224121
 54.34383392334, -7.6392459869385
 54.343433380127, -7.6339244842529
 54.343738555908, -7.6308917999268
 54.342746734619, -7.628116607666
 54.341259002686, -7.6266002655029
 54.339694976807, -7.6255416870117
 54.335041046143, -7.6237392425537
 54.32767868042, -7.6156997680664
 54.32767868042, -7.6156997680664
 54.32767868042, -7.6156997680664
 54.32767868042, -7.6156997680664
 54.32767868042, -7.6156997680664
 54.318943023682, -7.4053001403809
 54.330062866211, -7.3942279815674
 54.349670410156, -7.3429298400879
 54.368705749512, -7.3360061645508
 54.371242523193, -7.333402633667
 54.372081756592, -7.331371307373
 54.373035430908, -7.3288249969482
 54.374485015869, -7.3251056671143
 54.375877380371, -7.3217296600342
 54.377059936523, -7.318696975708
 54.379024505615, -7.3145198822021
 54.379272460938, -7.3102283477783
 54.379329681396, -7.3094844818115
 54.379329681396, -7.3094844818115
 54.379329681396, -7.3094844818115
 54.379329681396, -7.3094844818115
 54.379329681396, -7.3094844818115
 54.40863, -7.17509
 54.411239624023, -7.1711254119873
 54.413394927979, -7.166919708252
 54.413394927979, -7.166919708252
 54.413394927979, -7.166919708252
 54.413394927979, -7.166919708252
 54.413394927979, -7.166919708252
 54.416176571056, -7.1609391576325
 54.426183923316, -7.1353561222072
 54.429454803467, -7.1243190765381
 54.430236816406, -7.1131038665771
 54.427280426025, -7.0976257324219
 54.427280426025, -7.0976257324219
 54.427280426025, -7.0976257324219
 54.427280426025, -7.0976257324219
 54.429637476954, -7.1240251887672
 54.418695513903, -6.9816934379742
 54.418695513903, -6.9816934379742
 54.413986206055, -6.9753456115723
 54.412326812744, -6.9733715057373
 54.410781860352, -6.9693088531494
 54.405746459961, -6.9517421722412
 54.405746459961, -6.9517421722412
 54.405746459961, -6.9517421722412
 54.405746459961, -6.9517421722412
 54.405746459961, -6.9517421722412
 54.410858570784, -6.9695974211083
 54.350757598877, -6.8370723724365
 54.348449707031, -6.835241317749
 54.34440612793, -6.8314933776855
 54.347019195557, -6.8175888061523
 54.347019195557, -6.8175888061523
 54.349689483643, -6.7581081390381
 54.342060089111, -6.7053508758545
 54.343814849854, -6.6709613800049
 54.34455871582, -6.6536235809326
 54.343967437744, -6.652250289917
 54.343948364258, -6.6522789001465
 54.343967437744, -6.6522789001465
 54.343948364258, -6.6523361206055
 54.343967437744, -6.652307510376
 54.344043731689, -6.6522216796875
 54.344043731689, -6.6522216796875
 54.344005584717, -6.652250289917
 54.344005584717, -6.652250289917
 54.34398651123, -6.652250289917
 54.34398651123, -6.652193069458
 54.344024658203, -6.652307510376
 54.345951080322, -6.6501903533936
 54.347324371338, -6.6474437713623
 54.348945617676, -6.6492462158203
 54.349746704102, -6.650562286377
 54.351482391357, -6.6499042510986
 54.352169036865, -6.6461849212646
 54.35302734375, -6.6400909423828
 54.353675842285, -6.6380310058594
 54.354553222656, -6.635627746582
 54.355583190918, -6.6331100463867
 54.357395172119, -6.6291332244873
 54.359169006348, -6.6261291503906
 54.359951019287, -6.6251564025879
 54.359951019287, -6.6251564025879
 54.359951019287, -6.6251564025879
 54.391899108887, -6.5166091918945
 54.401397705078, -6.4799308776855
 54.409656524658, -6.4604473114014
 54.411029815674, -6.4579582214355
 54.413433074951, -6.4539813995361
 54.414768218994, -6.4520359039307
 54.417037963867, -6.449146270752
 54.419021606445, -6.447114944458
 54.421253204346, -6.4458274841309
 54.422779083252, -6.4436531066895
 54.424705505371, -6.441764831543
 54.425182342529, -6.4391326904297
 54.426326751709, -6.4364433288574
 54.426536560059, -6.4334392547607
 54.425640106201, -6.4296054840088
 54.423999786377, -6.4290046691895
 54.422855377197, -6.4280605316162
 54.421558380127, -6.4261436462402
 54.420585632324, -6.4246845245361
 54.419116973877, -6.4225673675537
 54.416484832764, -6.4198207855225
 54.41370010376, -6.4169883728027
 54.401779174805, -6.39967918396
 54.401779174805, -6.39967918396
 54.380378723145, -6.3670635223389
 54.379825592041, -6.3667488098145
 54.37593460083, -6.3644313812256
 54.37593460083, -6.3644313812256
 54.37593460083, -6.3644313812256
 54.37593460083, -6.3644313812256
 54.37593460083, -6.3644313812256
 54.37426, -6.36143
 54.37345, -6.35942
 54.372090383178, -6.3558788821766
 54.372090383178, -6.3558788821766
 54.372090383178, -6.3558788821766
 54.359062177182, -6.2752206141034
 54.359062177182, -6.2752206141034
 54.356594085693, -6.2721920013428
 54.35453414917, -6.269645690918
 54.35245513916, -6.2670135498047
 54.351177215576, -6.2679576873779
 54.34928894043, -6.269588470459
 54.346942901611, -6.2712478637695
 54.345760345459, -6.2721920013428
 54.344177246094, -6.2733364105225
 54.342937469482, -6.2741947174072
 54.340019226074, -6.2767696380615
 54.338130950928, -6.2776851654053
 54.335899353027, -6.2796020507812
 54.332695007324, -6.2843227386475
 54.323196411133, -6.2970542907715
 54.299716949463, -6.297025680542
 54.274253845215, -6.308012008667
 54.249267578125, -6.3212013244629
 54.223499298096, -6.3189125061035
 54.20597076416, -6.3277244567871
 54.19225692749, -6.3345336914062
 54.185924530029, -6.3336181640625
 54.183483123779, -6.3324165344238
 54.181594848633, -6.3329315185547
 54.179000854492, -6.3342189788818
 54.176368713379, -6.3362503051758
 54.174537658691, -6.3361072540283
 54.171485900879, -6.3367366790771
 54.170246124268, -6.3358783721924
 54.168453216553, -6.3348770141602
 54.166431427002, -6.3341617584229
 54.164619445801, -6.3324451446533
 54.163494110107, -6.3322162628174
 54.162292480469, -6.3310718536377
 54.160957336426, -6.3297843933105
