 50.856227874756, 0.59623718261719
 50.855712890625, 0.59700965881348
 50.85620880127, 0.59592247009277
 50.85620880127, 0.59586524963379
 50.85620880127, 0.5958366394043
 50.856227874756, 0.5958080291748
 50.85620880127, 0.5958080291748
 50.85620880127, 0.59589385986328
 50.85620880127, 0.59586524963379
 50.856246948242, 0.5958080291748
 50.856304168701, 0.5958366394043
 50.856304168701, 0.59589385986328
 50.856227874756, 0.59586524963379
 50.85620880127, 0.59592247009277
 50.856151580811, 0.59577941894531
 50.856700064937, 0.59536812882065
 50.856356290375, 0.59475008662617
 50.856151580811, 0.5958080291748
 50.856151580811, 0.59586524963379
 50.856113433838, 0.5958366394043
 50.856113433838, 0.5958366394043
 50.856170654297, 0.59586524963379
 50.856170654297, 0.59440612792969
 50.856132507324, 0.5943775177002
 50.856094360352, 0.59329032897949
 50.856094360352, 0.59320449829102
 50.856075286865, 0.59320449829102
 50.856113433838, 0.59323310852051
 50.857219696045, 0.59277534484863
 50.858955383301, 0.59423446655273
 50.860042572021, 0.59572219848633
 50.861778259277, 0.59689521789551
 50.863971710205, 0.5976676940918
 50.863971710205, 0.5976676940918
 50.869140625, 0.60273170471191
 50.870513916016, 0.60542106628418
 50.871315002441, 0.60756683349609
 50.876541137695, 0.61117172241211
 50.880661010742, 0.61463356018066
 50.882015228271, 0.61586380004883
 50.882549285889, 0.61732292175293
 50.882816314697, 0.61875343322754
 50.88357925415, 0.6214714050293
 50.91157913208, 0.6309986114502
 50.915374755859, 0.6613826751709
 50.919933319092, 0.6888484954834
 50.920333862305, 0.70492744445801
 50.940189361572, 0.72664260864258
 50.942993164062, 0.72853088378906
 50.944347381592, 0.72927474975586
 50.946102142334, 0.73013305664062
 50.94799041748, 0.73027610778809
 50.949020385742, 0.72916030883789
 50.949935913086, 0.72841644287109
 50.950584411621, 0.72958946228027
 50.950584411621, 0.72958946228027
 50.953693389893, 0.73588371276855
 50.952949523926, 0.73780059814453
 50.952949523926, 0.73780059814453
 50.954055786133, 0.7426643371582
 50.9543800354, 0.74369430541992
 50.959529876709, 0.75508117675781
 50.971355438232, 0.76755523681641
 50.971412658691, 0.78981399536133
 50.985164642334, 0.81507682800293
 50.997257232666, 0.83044052124023
 51.027145385742, 0.87032318115234
 51.048679351807, 0.85673332214355
 51.060562133789, 0.85787773132324
 51.061820983887, 0.85756301879883
 51.063461303711, 0.85613250732422
 51.064643859863, 0.85493087768555
 51.066360473633, 0.85407257080078
 51.068000793457, 0.85344314575195
 51.06969833374, 0.85261344909668
 51.075611114502, 0.86030960083008
 51.118545532227, 0.87979316711426
 51.128406524658, 0.86545944213867
 51.13353729248, 0.86308479309082
 51.136054992676, 0.86448669433594
 51.136627197266, 0.86709022521973
 51.137790679932, 0.86872100830078
 51.13977432251, 0.8704948425293
 51.141796112061, 0.8722972869873
 51.143646240234, 0.8730411529541
 51.147136688232, 0.87009429931641
 51.148910522461, 0.87470054626465
 51.150493621826, 0.87653160095215
 51.149787902832, 0.8792781829834
 51.147003173828, 0.88457107543945
 51.143627166748, 0.88780403137207
 51.14444732666, 0.88620185852051
 51.14444732666, 0.88620185852051
 51.144428253174, 0.88620185852051
 51.144371032715, 0.88625907897949
 51.144428253174, 0.88623046875
 51.144466400146, 0.88614463806152
 51.14444732666, 0.88620185852051
 51.14444732666, 0.88620185852051
 51.144428253174, 0.88620185852051
 51.144466400146, 0.88620185852051
 51.14444732666, 0.88620185852051
 51.144466400146, 0.88620185852051
 51.14444732666, 0.88620185852051
 51.144428253174, 0.88617324829102
 51.144466400146, 0.88620185852051
 51.144466400146, 0.88617324829102
 51.144542694092, 0.88611602783203
 51.144523620605, 0.88611602783203
 51.144485473633, 0.88614463806152
 51.144523620605, 0.88643074035645
 51.143589019775, 0.88728904724121
 51.143627166748, 0.88726043701172
 51.143836975098, 0.88809013366699
 51.144046783447, 0.89447021484375
 51.143074035645, 0.89693069458008
 51.143074035645, 0.89693069458008
 51.143074035645, 0.89693069458008
 51.143074035645, 0.89693069458008
 51.120719909668, 0.94679832458496
 51.116065979004, 0.96096038818359
 51.116065979004, 0.96096038818359
 51.116065979004, 0.96096038818359
 51.073888164928, 1.0692393741079
 51.073888164928, 1.0692393741079
 51.073627471924, 1.0696506500244
 51.072864532471, 1.0722827911377
 51.070995330811, 1.0802936553955
 51.070785522461, 1.0863018035889
 51.071491241455, 1.0885334014893
 51.072425842285, 1.0903358459473
 51.072654724121, 1.0942554473877
 51.071872711182, 1.0970878601074
 51.071624755859, 1.1001777648926
 51.072063446045, 1.10764503479
 51.072082519531, 1.1125946044922
 51.072216033936, 1.1135101318359
 51.072216033936, 1.1135101318359
 51.072216033936, 1.1135101318359
 51.071872711182, 1.1239242553711
 51.071662902832, 1.1253261566162
 51.071720123291, 1.1276435852051
 51.071720123291, 1.1276435852051
 51.071720123291, 1.1276435852051
 51.072392, 1.13551
 51.073875427246, 1.1466407775879
 51.074123382568, 1.1487007141113
 51.074714660645, 1.1508750915527
 51.07629776001, 1.1542224884033
 51.076259613037, 1.162748336792
 51.076412200928, 1.166467666626
 51.076583862305, 1.1697864532471
 51.077136993408, 1.1727619171143
 51.077651977539, 1.1748218536377
 51.077880859375, 1.1767387390137
 51.078128814697, 1.1787700653076
 51.080474853516, 1.1851501464844
 51.08060836792, 1.1848926544189
 51.08268737793, 1.1819171905518
 51.083869934082, 1.1846351623535
 51.085395812988, 1.186466217041
 51.087055206299, 1.1870670318604
 51.089820861816, 1.1895275115967
 51.091613769531, 1.1905002593994
 51.092262268066, 1.1887264251709
 51.093444824219, 1.1870956420898
 51.097316741943, 1.1669826507568
 51.096229553223, 1.1538505554199
 51.096172332764, 1.1538219451904
 51.096248626709, 1.1538505554199
 51.096210479736, 1.1538219451904
 51.096210479736, 1.1538219451904
 51.096172332764, 1.1538791656494
 51.09619140625, 1.1538219451904
 51.096210479736, 1.1538505554199
 51.09684734702, 1.1556752991467
 51.09684734702, 1.1556752991467
 51.09684734702, 1.1556752991467
 51.09684734702, 1.1556752991467
 51.09684734702, 1.1556752991467
 51.09684734702, 1.1556752991467
 51.09684734702, 1.1556752991467
 51.09872510445, 1.1727752710245
 51.100791094306, 1.1865418469945
 51.105155099696, 1.203427822716
 51.108995234753, 1.2174174982118
 51.112618265207, 1.2373511069437
 51.110777684068, 1.2778535023144
 51.109752655029, 1.2844848632812
 51.106415323271, 1.27791235834
 51.106415323271, 1.27791235834
 51.106415323271, 1.27791235834
 51.106415323271, 1.27791235834
 51.106415323271, 1.27791235834
 51.106415323271, 1.27791235834
 51.106415323271, 1.27791235834
 51.106415323271, 1.27791235834
 51.106415323271, 1.27791235834
 51.106415323271, 1.27791235834
 51.106415323271, 1.27791235834
 51.106415323271, 1.27791235834
 51.106415323271, 1.27791235834
 51.106415323271, 1.27791235834
 51.103591918945, 1.2458324432373
 51.105136871338, 1.2551593780518
 51.119422912598, 1.3123226165771
 51.118049621582, 1.3138675689697
 51.118030548096, 1.3138103485107
 51.118049621582, 1.3137817382812
 51.118049621582, 1.3138103485107
 51.118202209473, 1.3137817382812
 51.119422912598, 1.3124942779541
 51.116328494333, 1.312374851554
 51.116328494333, 1.312374851554
 51.116328494333, 1.312374851554
 51.116328494333, 1.312374851554
 51.116328494333, 1.312374851554
 51.116328494333, 1.312374851554
 51.116328494333, 1.312374851554
 51.116328494333, 1.312374851554
 51.10542899665, 1.3586596431197
 51.10542899665, 1.3586596431197
 51.10542899665, 1.3586596431197
 51.10542899665, 1.3586596431197
 51.10542899665, 1.3586596431197
 51.10542899665, 1.3586596431197
 51.10677301668, 1.3593126390994
 51.10677301668, 1.3593126390994
 51.10677301668, 1.3593126390994
 51.10677301668, 1.3593126390994
 51.10677301668, 1.3593126390994
 51.10677301668, 1.3593126390994
 51.10677301668, 1.3593126390994
 51.118221282959, 1.3138389587402
 51.118259429932, 1.3138675689697
 51.118240356445, 1.3138389587402
 51.118240356445, 1.3138389587402
 51.118240356445, 1.3138389587402
 51.119022369385, 1.3130950927734
 51.119003295898, 1.3130950927734
 51.119003295898, 1.3130950927734
 51.119003295898, 1.3130950927734
 51.118359849297, 1.3147677211621
 51.119037509748, 1.3130664752701
 51.119823455811, 1.3098621368408
 51.12117767334, 1.3104343414307
 51.123561859131, 1.3130664825439
 51.125679016113, 1.3108348846436
 51.127243041992, 1.3091468811035
 51.129245758057, 1.3100624084473
 51.128692626953, 1.3131523132324
 51.127529144287, 1.3154697418213
 51.126728057861, 1.3171291351318
 51.126556396484, 1.3199043273926
 51.130409240723, 1.3191032409668
 51.133270263672, 1.3180446624756
 51.133270263672, 1.3180446624756
 51.133270263672, 1.3180446624756
 51.130790710449, 1.3189888000488
 51.130771636963, 1.3190174102783
 51.130695343018, 1.3189888000488
 51.130771636963, 1.3190460205078
 51.127834320068, 1.3195323944092
 51.12621307373, 1.3200187683105
 51.125411987305, 1.3140392303467
 51.124858856201, 1.3138675689697
 51.124362945557, 1.3136959075928
 51.124362945557, 1.3130664825439
 51.121788024902, 1.3114356994629
 51.121845245361, 1.3119506835938
 51.121826171875, 1.3119220733643
 51.121845245361, 1.3119506835938
