 53.403644561768, -3.0177783966064
 53.404006958008, -3.0158042907715
 53.404006958008, -3.015775680542
 53.404006958008, -3.0158615112305
 53.403987884521, -3.0158042907715
 53.403987884521, -3.0158042907715
 53.403987884521, -3.015775680542
 53.403987884521, -3.015775680542
 53.403987884521, -3.015775680542
 53.403987884521, -3.015775680542
 53.403987884521, -3.015775680542
 53.334973, -2.856445
 53.334973, -2.856445
 53.334973, -2.856445
 53.334973, -2.856445
 53.334973, -2.856445
 53.334973, -2.856445
 53.334973, -2.856445
 53.334973, -2.856445
 53.334973, -2.856445
 53.334973, -2.856445
 53.334973, -2.856445
 53.334973, -2.856445
 53.334973, -2.856445
 53.334973, -2.856445
 53.334973, -2.856445
 53.334973, -2.856445
 53.334973, -2.856445
 53.334973, -2.856445
 53.334973, -2.856445
 53.334973, -2.856445
 53.334973, -2.856445
 53.334973, -2.856445
 53.334973, -2.856445
 53.334973, -2.856445
 53.334973, -2.856445
 53.334973, -2.856445
 53.334973, -2.856445
 53.334973, -2.856445
 53.334973, -2.856445
 53.334973, -2.856445
 53.334973, -2.856445
 53.334973, -2.856445
 53.334973, -2.856445
 54.083613, -4.637132
 54.083613, -4.637132
 54.083613, -4.637132
 54.083613, -4.637132
 54.083613, -4.637132
 54.083613, -4.637132
 54.083613, -4.637132
 54.083613, -4.637132
 54.083613, -4.637132
 54.083613, -4.637132
 54.083613, -4.637132
 54.083613, -4.637132
 54.083613, -4.637132
 54.083613, -4.637132
 54.083613, -4.637132
 54.083613, -4.637132
 54.083613, -4.637132
 54.083613, -4.637132
 54.083613, -4.637132
 54.083613, -4.637132
 54.083613, -4.637132
 54.083613, -4.637132
 54.083613, -4.637132
 54.083613, -4.637132
 54.083613, -4.637132
 54.083613, -4.637132
 54.083613, -4.637132
 54.083613, -4.637132
 54.083613, -4.637132
 54.083613, -4.637132
 54.083613, -4.637132
 54.083613, -4.637132
 54.083613, -4.637132
 54.155369, -4.503598
 54.155369, -4.503598
 54.155369, -4.503598
 54.155228, -4.50289
 54.153008, -4.502233
 54.153931, -4.50276
 54.152515106598, -4.5035052165683
 54.154839535436, -4.50429167214
 54.159081, -4.50361
 54.161766, -4.506999
 54.158951, -4.51486
 54.158588, -4.51867
 54.15818, -4.52229
 54.15773, -4.52465
 54.156368, -4.52657
 54.154541, -4.52649
 54.153503, -4.523457
 54.151867, -4.522282
 54.151272, -4.5198
 54.151348, -4.51686
 54.150471, -4.514198
 54.151829, -4.511556
 54.153397, -4.508657
 54.152279, -4.5057
 54.151531, -4.5037
 54.149872, -4.50268
 54.150139, -4.50109
 54.150742, -4.49738
 54.15012, -4.49333
 54.149731, -4.49064
 54.14854, -4.48664
 54.148121, -4.484745
 54.14769, -4.48296
 54.14777, -4.47905
 54.147614, -4.476601
 54.146229, -4.47492
 54.14547, -4.47248
 54.144764, -4.469971
 54.144764, -4.469971
 54.144764, -4.469971
 54.144764, -4.469971
 54.144764, -4.469971
 54.144764, -4.469971
 54.144764, -4.469971
 54.144764, -4.469971
 54.145439, -4.468936
 54.145908, -4.468887
 54.146928, -4.4695116
 54.146928, -4.4695116
 54.1478785, -4.4716581
 54.1478785, -4.4716581
 54.1478785, -4.4716581
 54.149088557619, -4.4750820015062
 54.149088557619, -4.4750820015062
 54.149088557619, -4.4750820015062
 54.14806371287, -4.4747628691821
 54.148098762077, -4.4726942844008
 54.147906773101, -4.4716662655686
 54.147906773101, -4.4716662655686
 54.149075, -4.475078
 54.154369, -4.478205
 54.161544, -4.4727411
 54.162251, -4.47167
 54.164478, -4.46791
 54.16618, -4.46483
 54.1669561, -4.4609073
 54.1669561, -4.4609073
 54.1669561, -4.4609073
 54.167084, -4.460846
 54.167084, -4.460846
 54.16711, -4.460122
 54.166691, -4.450471
 54.17086, -4.444442
 54.170033, -4.433761
 54.171825, -4.424926
 54.177414, -4.426578
 54.179577, -4.429641
 54.184669, -4.427893
 54.19054, -4.42778
 54.19487, -4.422858
 54.199223, -4.415619
 54.204567, -4.411512
 54.206745, -4.407476
 54.212654, -4.406317
 54.217648, -4.400952
 54.222363, -4.396994
 54.226105, -4.3968
 54.230591, -4.404514
 54.232146462689, -4.4053278890666
 54.232146462689, -4.4053278890666
 54.232146462689, -4.4053278890666
 54.232146462689, -4.4053278890666
 54.232146462689, -4.4053278890666
 54.232146462689, -4.4053278890666
 54.232146462689, -4.4053278890666
 54.232146462689, -4.4053278890666
 54.232146462689, -4.4053278890666
 54.232146462689, -4.4053278890666
 54.232146462689, -4.4053278890666
 54.232146462689, -4.4053278890666
 54.232146462689, -4.4053278890666
 54.232146462689, -4.4053278890666
 54.232146462689, -4.4053278890666
 54.232146462689, -4.4053278890666
 54.232146462689, -4.4053278890666
 54.232146462689, -4.4053278890666
 54.232146462689, -4.4053278890666
 54.232146462689, -4.4053278890666
 54.232146462689, -4.4053278890666
 54.232146462689, -4.4053278890666
 54.232146462689, -4.4053278890666
 54.232146462689, -4.4053278890666
 54.232146462689, -4.4053278890666
 54.232978376589, -4.4058995633268
 54.230751, -4.40622
 54.229488, -4.40365
 54.228241, -4.40206
 54.22673, -4.39897
 54.225739, -4.3961
 54.22403, -4.39565
 54.221588, -4.39848
 54.221031, -4.39993
 54.219051, -4.40053
 54.217579, -4.40168
 54.216099, -4.40403
 54.21442, -4.40559
 54.212808318647, -4.4065760256071
 54.212808318647, -4.4065760256071
 54.177950681767, -4.4483006882156
 54.177950681767, -4.4483006882156
 54.177292, -4.44977
 54.175289, -4.45346
 54.174728, -4.45424
 54.173031, -4.4574
 54.171909, -4.45832
 54.169861, -4.46048
 54.167648, -4.46169
 54.166592, -4.46386
 54.16613133331, -4.4647574026572
 54.16613133331, -4.4647574026572
 54.16613133331, -4.4647574026572
 54.16613133331, -4.4647574026572
 54.16613133331, -4.4647574026572
 54.102121599771, -4.6175391944029
 54.102121599771, -4.6175391944029
 54.102121599771, -4.6175391944029
 54.102121599771, -4.6175391944029
 54.102046191992, -4.6176878137884
 54.100873791351, -4.6206389251051
 54.099399243748, -4.6247220173647
 54.099399243748, -4.6247220173647
 54.097887793073, -4.6292024144766
 54.095700456741, -4.6294429379234
 54.095070173206, -4.6292114050325
 54.09222850374, -4.6316585838023
 54.080851709614, -4.6419087282589
 54.079714581915, -4.6431548806794
 54.078147151387, -4.6449501544361
 54.078020109747, -4.6477259787025
 54.077215145062, -4.6505328628369
 54.075409, -4.65229
 54.074329, -4.65327
 54.072849, -4.65308
 54.07349, -4.65572
 54.074051, -4.65854
 54.074490254758, -4.6584203149562
 54.074490254758, -4.6584203149562
 54.086105, -4.632797
 54.086105, -4.632797
 54.086105, -4.632797
 54.086105, -4.632797
 54.086105, -4.632797
 54.086105, -4.632797
 54.086105, -4.632797
 54.086105, -4.632797
 54.086105, -4.632797
 54.086105, -4.632797
 54.086105, -4.632797
 54.086105, -4.632797
 54.086105, -4.632797
 54.086105, -4.632797
 54.086105, -4.632797
 54.086105, -4.632797
 54.086105, -4.632797
 54.086105, -4.632797
 54.086105, -4.632797
 54.086105, -4.632797
 54.086105, -4.632797
 54.086105, -4.632797
 54.086105, -4.632797
 54.086105, -4.632797
 54.086105, -4.632797
 54.086105, -4.632797
 54.086105, -4.632797
 54.086105, -4.632797
 54.086105, -4.632797
 54.086105, -4.632797
 54.086105, -4.632797
 54.086105, -4.632797
 54.086105, -4.632797
 54.086105, -4.632797
 54.086105, -4.632797
 54.651566, -6.219893
 54.651566, -6.219893
 54.651566, -6.219893
 54.651566, -6.219893
 54.651566, -6.219893
 54.651566, -6.219893
 54.651566, -6.219893
 54.651566, -6.219893
 54.651566, -6.219893
 54.651566, -6.219893
 54.651566, -6.219893
 54.651566, -6.219893
 54.651566, -6.219893
 54.651566, -6.219893
 54.651566, -6.219893
 54.651566, -6.219893
 54.651566, -6.219893
 54.651566, -6.219893
 54.651566, -6.219893
 54.651566, -6.219893
 54.651566, -6.219893
 54.651566, -6.219893
 54.651566, -6.219893
 54.651566, -6.219893
 54.651566, -6.219893
 54.651566, -6.219893
 54.651566, -6.219893
 54.651566, -6.219893
 54.651566, -6.219893
