 54.603843688965, -5.9121608734131
 54.603328704834, -5.9090137481689
 54.603385925293, -5.9062385559082
 54.603385925293, -5.905122756958
 54.603404998779, -5.9046077728271
 54.603633880615, -5.8988285064697
 54.609870910645, -5.8769416809082
 54.626960754395, -5.8529090881348
 54.632759094238, -5.8463287353516
 54.634323120117, -5.8445262908936
 54.635353088379, -5.8425521850586
 54.637069702148, -5.8400344848633
 54.638118743896, -5.839262008667
 54.640007019043, -5.8367156982422
 54.641590118408, -5.8345127105713
 54.64334487915, -5.8296775817871
 54.644527435303, -5.826530456543
 54.64506149292, -5.8182907104492
 54.65446472168, -5.7920837402344
 54.65446472168, -5.7920837402344
 54.65124130249, -5.7440185546875
 54.64822769165, -5.7087993621826
 54.655895233154, -5.6958389282227
 54.656200408936, -5.6960678100586
 54.660186767578, -5.6933498382568
 54.660167694092, -5.6909465789795
 54.660549163818, -5.6869411468506
 54.660606384277, -5.685567855835
 54.660568237305, -5.6810760498047
 54.660797119141, -5.6748962402344
 54.66194152832, -5.6727504730225
 54.662647247314, -5.6710910797119
 54.663600921631, -5.6668853759766
 54.661502838135, -5.6649684906006
 54.660720825195, -5.6663990020752
 54.660243988037, -5.6686592102051
 54.658164978027, -5.6710052490234
 54.656772613525, -5.6737804412842
 54.656352996826, -5.6751823425293
 54.654026031494, -5.6754112243652
 54.65217590332, -5.6753253936768
 54.649524688721, -5.6755256652832
 54.647827148438, -5.6756687164307
 54.645137786865, -5.6758975982666
 54.638175964355, -5.6765556335449
 54.608039855957, -5.6826782226562
 54.600353240967, -5.685396194458
 54.600238800049, -5.6854248046875
 54.596652984619, -5.6861686706543
 54.593715667725, -5.6869125366211
 54.593334197998, -5.6912612915039
 54.592761993408, -5.6952381134033
 54.590702056885, -5.6970405578613
 54.589385986328, -5.6974983215332
 54.587116241455, -5.6979846954346
 54.577159881592, -5.6980991363525
 54.568920135498, -5.7002735137939
 54.551334381104, -5.7299995422363
 54.551887512207, -5.7309150695801
 54.552268981934, -5.7324314117432
 54.552440643311, -5.7343769073486
 54.551315307617, -5.7418727874756
 54.551258087158, -5.7421016693115
 54.550590515137, -5.7449913024902
 54.550552368164, -5.745849609375
 54.551162719727, -5.7476806640625
 54.551448822021, -5.7526302337646
 54.552116394043, -5.7541179656982
 54.558658599854, -5.7594966888428
 54.572124481201, -5.7778072357178
 54.583129882812, -5.7961177825928
 54.583587646484, -5.7968616485596
 54.586277008057, -5.7998085021973
 54.587707519531, -5.8023262023926
 54.58911895752, -5.8045864105225
 54.590950012207, -5.8075904846191
 54.591941833496, -5.8092498779297
 54.593620300293, -5.8129978179932
 54.594459533691, -5.8156871795654
 54.59451675415, -5.8176898956299
 54.594669342041, -5.8368015289307
 54.595069885254, -5.8405780792236
 54.596462249756, -5.8393478393555
 54.59867477417, -5.8376026153564
 54.600009918213, -5.8363437652588
 54.60319519043, -5.8333969116211
 54.603576660156, -5.8314228057861
 54.603786468506, -5.8315658569336
 54.60376739502, -5.8315658569336
 54.60376739502, -5.8315658569336
 54.603786468506, -5.8315658569336
 54.604167938232, -5.8327674865723
 54.603290557861, -5.8334827423096
 54.603328704834, -5.8334827423096
 54.603252410889, -5.8335399627686
 54.603252410889, -5.8335399627686
 54.603252410889, -5.833568572998
 54.603042602539, -5.8340549468994
 54.602432250977, -5.8374881744385
 54.60262298584, -5.8395195007324
 54.603881835938, -5.8435821533203
 54.604339599609, -5.846471786499
 54.605045318604, -5.8479022979736
 54.605045318604, -5.8479022979736
 54.605045318604, -5.8479022979736
 54.605045318604, -5.8479022979736
 54.605045318604, -5.8479022979736
 54.60061, -5.85519
 54.60061, -5.85519
 54.60061, -5.85519
 54.646701812744, -5.917911529541
 54.650592803955, -5.9258365631104
 54.660625457764, -5.9401702880859
 54.660339355469, -5.9462070465088
 54.658298492432, -5.9435749053955
 54.658279418945, -5.943660736084
 54.658317565918, -5.9436321258545
 54.658298492432, -5.943660736084
 54.658222198486, -5.9436321258545
 54.662113189697, -5.9464931488037
 54.666728973389, -5.9421157836914
 54.667682647705, -5.9366512298584
 54.668312072754, -5.9355068206787
 54.668941497803, -5.9312438964844
 54.669570922852, -5.9276676177979
 54.670448303223, -5.925235748291
 54.671459197998, -5.9219455718994
 54.672317504883, -5.9186553955078
 54.672889709473, -5.9165382385254
 54.673309326172, -5.914249420166
 54.673347473145, -5.9129047393799
 54.672546386719, -5.9075260162354
 54.670658111572, -5.901517868042
 54.672565460205, -5.8989715576172
 54.67435836792, -5.8959674835205
 54.676074981689, -5.8929061889648
 54.67737197876, -5.8906173706055
 54.678688049316, -5.8883571624756
 54.680290222168, -5.8858966827393
 54.681434631348, -5.8841800689697
 54.682712554932, -5.8819484710693
 54.684600830078, -5.8780288696289
 54.685573577881, -5.8761405944824
 54.68656539917, -5.8733940124512
 54.687957763672, -5.870532989502
 54.689445495605, -5.8676433563232
 54.691543579102, -5.8638381958008
 54.693393707275, -5.8617210388184
 54.695663452148, -5.8571720123291
 54.696617126465, -5.8548259735107
 54.698009490967, -5.8525085449219
 54.699592590332, -5.850191116333
 54.702529907227, -5.8457565307617
 54.703235626221, -5.8447265625
 54.704875946045, -5.8420372009277
 54.707164764404, -5.8362293243408
 54.70739364624, -5.8354568481445
 54.707469940186, -5.8351707458496
 54.708156585693, -5.8329391479492
 54.708652496338, -5.8313655853271
 54.709720611572, -5.8280181884766
 54.711360931396, -5.8224964141846
 54.712162017822, -5.8184909820557
 54.712619781494, -5.8151721954346
 54.712963104248, -5.8124542236328
 54.713897705078, -5.8075904846191
 54.714202880859, -5.8068466186523
 54.714202880859, -5.8068466186523
 54.714164733887, -5.8068466186523
 54.71586227417, -5.8028697967529
 54.717140197754, -5.7999229431152
 54.718551635742, -5.7966899871826
 54.719333648682, -5.7949161529541
 54.720268249512, -5.7927417755127
 54.721488952637, -5.7901096343994
 54.722385406494, -5.7878494262695
 54.723815917969, -5.784330368042
 54.72484588623, -5.7808399200439
 54.732303619385, -5.7662773132324
 54.739017486572, -5.7546901702881
 54.746398925781, -5.725622177124
 54.755477905273, -5.7195281982422
 54.773406982422, -5.7359790802002
 54.795055389404, -5.7435607910156
 54.813423156738, -5.7613277435303
 54.820518493652, -5.793285369873
 54.826183319092, -5.807991027832
 54.827575683594, -5.8099365234375
 54.828090667725, -5.8120250701904
 54.828758239746, -5.8139991760254
 54.829387664795, -5.8154010772705
 54.836196899414, -5.8128261566162
 54.844760894775, -5.8173179626465
 54.845104217529, -5.8178615570068
 54.845771789551, -5.8191776275635
 54.84655380249, -5.820837020874
 54.847393035889, -5.8217525482178
 54.848613739014, -5.821008682251
 54.848728179932, -5.8191204071045
 54.849853515625, -5.8164024353027
 54.8508644104, -5.8141422271729
 54.853515625, -5.8120250701904
 54.855327606201, -5.8110237121582
 54.856643676758, -5.8105945587158
 54.858798980713, -5.8162879943848
 54.870719909668, -5.8265590667725
 54.875106811523, -5.8321952819824
 54.875106811523, -5.8321952819824
 54.875106811523, -5.8321952819824
 54.875106811523, -5.8321952819824
 54.87593, -5.82322
 54.878311157227, -5.8341979980469
 54.878311157227, -5.8341979980469
 54.878311157227, -5.8341979980469
 54.878311157227, -5.8341979980469
 54.878311157227, -5.8341979980469
 54.891624450684, -5.8475303649902
 54.891624450684, -5.8475017547607
 54.891624450684, -5.8475303649902
 54.891624450684, -5.8475589752197
 54.891605377197, -5.8476161956787
 54.891605377197, -5.8476161956787
 54.891605377197, -5.8476161956787
 54.891624450684, -5.8475303649902
 54.89164352417, -5.8475589752197
 54.891681671143, -5.8475017547607
 54.891681671143, -5.8475017547607
 54.891624450684, -5.8475303649902
 54.891662597656, -5.8475589752197
 54.89164352417, -5.8475017547607
 54.891586303711, -5.8475017547607
 54.89164352417, -5.8475017547607
 54.892177581787, -5.8465003967285
 54.889526367188, -5.8425521850586
 54.877166748047, -5.8311939239502
 54.867401123047, -5.82275390625
 54.857311248779, -5.828332901001
 54.846439361572, -5.8444690704346
 54.83419418335, -5.8690452575684
 54.834823608398, -5.8931350708008
 54.823436737061, -5.9163379669189
 54.823436737061, -5.9163379669189
 54.825534820557, -5.9799671173096
 54.828147888184, -6.0204219818115
 54.828147888184, -6.0204219818115
 54.828147888184, -6.0204219818115
 54.828147888184, -6.0204219818115
 54.828147888184, -6.0204219818115
 54.840831756592, -6.2067890167236
 54.851036071777, -6.2472724914551
 54.867267608643, -6.249475479126
 54.877548217773, -6.2565994262695
 54.889373779297, -6.2618923187256
 54.907894134521, -6.2507343292236
 54.907894134521, -6.2507343292236
 54.94701385498, -6.2463855743408
 54.962768554688, -6.2259864807129
 54.977149963379, -6.2080478668213
 54.991397857666, -6.1843585968018
 55.001621246338, -6.1656188964844
 55.007152557373, -6.152515411377
 55.007152557373, -6.152515411377
 55.007152557373, -6.152515411377
 55.05500793457, -6.1079978942871
 55.05500793457, -6.1079978942871
 55.05500793457, -6.1079978942871
 55.05500793457, -6.1079978942871
 55.075263977051, -6.0549831390381
 55.075054168701, -6.053581237793
 55.075263977051, -6.0542106628418
 55.074806213379, -6.0540676116943
 55.074806213379, -6.0540962219238
 55.074825286865, -6.0541248321533
 55.074787139893, -6.0540962219238
 55.074787139893, -6.0540962219238
 55.07474899292, -6.0540676116943
 55.074787139893, -6.0540676116943
 55.074787139893, -6.0540962219238
 55.074768066406, -6.0540676116943
 55.074806213379, -6.0540676116943
 55.074806213379, -6.0540676116943
 55.074806213379, -6.0540676116943
 55.074806213379, -6.0540676116943
 55.074806213379, -6.0540676116943
 55.074806213379, -6.0540676116943
 55.05776557869, -6.0547146779721
 55.074806213379, -6.0540962219238
 55.074863433838, -6.0540676116943
 55.074806213379, -6.0543251037598
 55.074825286865, -6.0543251037598
 55.074825286865, -6.0543251037598
 55.074806213379, -6.0543537139893
 55.074806213379, -6.0543537139893
 55.074806213379, -6.0542964935303
 55.074806213379, -6.0543823242188
 55.074806213379, -6.0543537139893
 55.074844360352, -6.0544681549072
 55.075778961182, -6.0553550720215
 55.078582763672, -6.0572147369385
 55.079975128174, -6.0583591461182
 55.080108642578, -6.0603904724121
 55.080108642578, -6.0603904724121
 55.080108642578, -6.0603904724121
 55.080108642578, -6.0603904724121
 55.080108642578, -6.0603904724121
 55.079611504139, -6.0686479353452
 55.080289013331, -6.0711812307125
 55.080289013331, -6.0711812307125
 55.080289013331, -6.0711812307125
 55.080289013331, -6.0711812307125
 55.080289013331, -6.0711812307125
 55.13786315918, -6.0874271392822
 55.153999328613, -6.1077404022217
 55.16788482666, -6.1291694641113
 55.182113647461, -6.1539745330811
 55.182113647461, -6.1539745330811
 55.182113647461, -6.1539745330811
 55.182113647461, -6.1539745330811
 55.182113647461, -6.1539745330811
 55.202849041945, -6.237383391569
 55.203609466553, -6.243782043457
 55.202140808105, -6.2481021881104
 55.200691223145, -6.2505340576172
 55.200099945068, -6.2542819976807
 55.19947052002, -6.2599182128906
 55.196781158447, -6.262264251709
 55.195121765137, -6.2655544281006
 55.189895629883, -6.2816047668457
 55.185642242432, -6.2974834442139
 55.176448822021, -6.3327884674072
 55.176448822021, -6.3327884674072
 55.14253616333, -6.3779067993164
 55.14253616333, -6.3779067993164
 55.14253616333, -6.3779067993164
 55.14253616333, -6.3779067993164
 55.14253616333, -6.3779067993164
 55.195745042445, -6.2644146922665
 55.195745042445, -6.2644146922665
 55.12206152698, -6.4641915755334
 55.12206152698, -6.4641915755334
 55.12206152698, -6.4641915755334
 55.12206152698, -6.4641915755334
 55.12206152698, -6.4641915755334
 55.12206152698, -6.4641915755334
 55.157165527344, -6.4977264404297
 55.16918182373, -6.4997291564941
 55.18196105957, -6.5100574493408
 55.194282531738, -6.5191841125488
 55.196399688721, -6.5197849273682
 55.198993682861, -6.5210437774658
 55.200500488281, -6.5215587615967
 55.203075408936, -6.522388458252
 55.204811096191, -6.5232467651367
 55.205898284912, -6.52587890625
 55.206127166748, -6.5302562713623
 55.206432342529, -6.5326595306396
 55.208625793457, -6.5447044372559
 55.212154388428, -6.5701675415039
 55.207290649414, -6.5914821624756
 55.202369689941, -6.6132545471191
 55.198307037354, -6.624927520752
 55.198554992676, -6.6284465789795
 55.198593139648, -6.628475189209
 55.198593139648, -6.628475189209
 55.198593139648, -6.628475189209
 55.198593139648, -6.628475189209
 55.200864871991, -6.6441228641906
 55.201916721123, -6.646552277101
 55.203197381593, -6.6487183008415
 55.204740395592, -6.6507287589113
 55.205821990967, -6.6545391082764
 55.20751953125, -6.6572284698486
 55.208988189697, -6.6579437255859
 55.211410522461, -6.6578006744385
 55.210609436035, -6.6561126708984
 55.208129882812, -6.6554260253906
 55.206489562988, -6.6527366638184
 55.205612182617, -6.6519641876221
 55.205612182617, -6.6519641876221
 55.205612182617, -6.6519641876221
 55.205612182617, -6.6519641876221
 55.203023718373, -6.6454569344861
