 53.394508361816, -1.4269924163818
 53.394756317139, -1.4277362823486
 53.394737243652, -1.4277076721191
 53.394737243652, -1.4277076721191
 53.394870758057, -1.428050994873
 53.394870758057, -1.4279937744141
 53.395023345947, -1.4286518096924
 53.395233154297, -1.4297962188721
 53.39656829834, -1.4287376403809
 53.398284912109, -1.4268779754639
 53.399505615234, -1.4252758026123
 53.398590087891, -1.4226150512695
 53.400726318359, -1.4215850830078
 53.402538299561, -1.4209842681885
 53.404350280762, -1.4178657531738
 53.405437469482, -1.4156913757324
 53.406944274902, -1.4132595062256
 53.40763092041, -1.4119434356689
 53.408756256104, -1.4095401763916
 53.410091400146, -1.4073944091797
 53.413791656494, -1.402759552002
 53.418521881104, -1.3905715942383
 53.42004776001, -1.3756656646729
 53.419780731201, -1.3869667053223
 53.419895172119, -1.387996673584
 53.419818878174, -1.3877105712891
 53.419818878174, -1.387767791748
 53.41983795166, -1.3877105712891
 53.419857025146, -1.3877105712891
 53.419876098633, -1.3878536224365
 53.419876098633, -1.3878536224365
 53.419876098633, -1.3878536224365
 53.419876098633, -1.3878536224365
 53.419876098633, -1.3878536224365
 53.419914245605, -1.3856506347656
 53.420009613037, -1.3858795166016
 53.419971466064, -1.3857364654541
 53.420104980469, -1.3808727264404
 53.423252105713, -1.3661098480225
 53.4250831604, -1.3621044158936
 53.425807952881, -1.3603591918945
 53.426609039307, -1.358642578125
 53.427333831787, -1.3579559326172
 53.429145812988, -1.3573551177979
 53.430213928223, -1.3563251495361
 53.430786132812, -1.3547229766846
 53.43090057373, -1.3517761230469
 53.432140350342, -1.3481998443604
 53.433589935303, -1.3426780700684
 53.433609008789, -1.3426208496094
 53.433818817139, -1.3420486450195
 53.434925079346, -1.3393306732178
 53.435840606689, -1.3363265991211
 53.437099456787, -1.3324069976807
 53.43822479248, -1.3292598724365
 53.439960479736, -1.325740814209
 53.441734313965, -1.322135925293
 53.442268371582, -1.3199329376221
 53.442726135254, -1.3175296783447
 53.443336486816, -1.3151550292969
 53.443851470947, -1.3131809234619
 53.444709777832, -1.3104343414307
 53.446388244629, -1.307373046875
 53.448600769043, -1.3049983978271
 53.450088500977, -1.3028240203857
 53.450088500977, -1.3028240203857
 53.452529907227, -1.2974452972412
 53.453674316406, -1.2967872619629
 53.462448120117, -1.2823677062988
 53.470783233643, -1.2593078613281
 53.477001190186, -1.2491798400879
 53.477764129639, -1.2476062774658
 53.478946685791, -1.2453460693359
 53.480243682861, -1.2421131134033
 53.481159210205, -1.2386512756348
 53.481998443604, -1.2353897094727
 53.482074737549, -1.2310981750488
 53.483963012695, -1.228551864624
 53.483028411865, -1.226634979248
 53.481712341309, -1.2262916564941
 53.48087310791, -1.2257766723633
 53.482131958008, -1.2239170074463
 53.482837677002, -1.2212562561035
 53.483295440674, -1.219425201416
 53.483505249023, -1.2185382843018
 53.484153747559, -1.215705871582
 53.485126495361, -1.2115001678467
 53.486137390137, -1.2080097198486
 53.493366241455, -1.1914730072021
 53.495273590088, -1.1871528625488
 53.497142791748, -1.1834907531738
 53.498840332031, -1.181116104126
 53.500099182129, -1.1783981323242
 53.500957489014, -1.1751365661621
 53.50025177002, -1.1717319488525
 53.50025177002, -1.1690998077393
 53.501605987549, -1.1646938323975
 53.502388000488, -1.1630916595459
 53.503437042236, -1.1612319946289
 53.504257202148, -1.1595726013184
 53.50471496582, -1.1559104919434
 53.50622177124, -1.1521625518799
 53.508033752441, -1.1485576629639
 53.510189056396, -1.1451816558838
 53.511333465576, -1.1432933807373
 53.511924743652, -1.142463684082
 53.512477874756, -1.1418342590332
 53.513011932373, -1.1411190032959
 53.514442443848, -1.1397743225098
 53.51806640625, -1.1384868621826
 53.520355224609, -1.1353969573975
 53.521995544434, -1.133337020874
 53.522357940674, -1.1301040649414
 53.521633148193, -1.1268997192383
 53.520851135254, -1.1243534088135
 53.520088195801, -1.1216640472412
 53.520011901855, -1.1212635040283
 53.519916534424, -1.120777130127
 53.519916534424, -1.120777130127
 53.519916534424, -1.120777130127
 53.519916534424, -1.120777130127
 53.519916534424, -1.120777130127
 53.520128270068, -1.1079226513565
 53.519477844238, -1.1180305480957
 53.519477844238, -1.1180305480957
 53.519477844238, -1.1180305480957
 53.519477844238, -1.1180305480957
 53.519477844238, -1.1180305480957
 53.519382476807, -1.115255355835
 53.519382476807, -1.115255355835
 53.519382476807, -1.115255355835
 53.519382476807, -1.115255355835
 53.519401550293, -1.1085891723633
 53.52014541626, -1.1080169677734
 53.52014541626, -1.1080169677734
 53.52014541626, -1.1080169677734
 53.52014541626, -1.1080169677734
 53.52014541626, -1.1080169677734
 53.520128270068, -1.1079226513565
 53.520128270068, -1.1079226513565
 53.520128270068, -1.1079226513565
 53.520128270068, -1.1079226513565
 53.520128270068, -1.1079226513565
 53.520128270068, -1.1079226513565
 53.520128270068, -1.1079226513565
 53.520128270068, -1.1079226513565
 53.520128270068, -1.1079226513565
 53.520128270068, -1.1079226513565
 53.520128270068, -1.1079226513565
 53.520832061768, -1.1093330383301
 53.520832061768, -1.1093330383301
 53.520832061768, -1.1093330383301
 53.521213531494, -1.1063575744629
 53.521213531494, -1.1063575744629
 53.522758483887, -1.1019229888916
 53.523139953613, -1.100606918335
 53.524112701416, -1.0972023010254
 53.524990081787, -1.0940265655518
 53.526172637939, -1.0899639129639
 53.526725769043, -1.0888195037842
 53.527851104736, -1.0875606536865
 53.529186248779, -1.0869312286377
 53.530254364014, -1.0866165161133
 53.533706665039, -1.0864448547363
 53.535442352295, -1.0834121704102
 53.537540435791, -1.0742282867432
 53.537864685059, -1.0698223114014
 53.537673950195, -1.0651302337646
 53.53687286377, -1.0618114471436
 53.535861968994, -1.0577487945557
 53.535194396973, -1.0535430908203
 53.535900115967, -1.0513401031494
 53.537750244141, -1.0500526428223
 53.539276123047, -1.0499668121338
 53.54175567627, -1.0497379302979
 53.543376922607, -1.0496520996094
 53.555965423584, -1.0524272918701
 53.558616638184, -1.0407829284668
 53.559989929199, -1.0373497009277
 53.560810089111, -1.03440284729
 53.561973571777, -1.0297393798828
 53.562164306641, -1.0284805297852
 53.563709259033, -1.0226154327393
 53.565425872803, -1.0185813903809
 53.566627502441, -1.0165500640869
 53.567962646484, -1.014289855957
 53.569736480713, -1.0114288330078
 53.570938110352, -1.0094833374023
 53.571739196777, -1.0082817077637
 53.574199676514, -1.0068511962891
 53.574142456055, -1.0025310516357
 53.575305938721, -1.0014724731445
 53.577041625977, -1.0011005401611
 53.577861785889, -1.0007858276367
 53.577861785889, -1.0007858276367
 53.577861785889, -1.0007858276367
 53.577995300293, -0.99045753479004
 53.577537536621, -0.97412109375
 53.59281539917, -0.96184730529785
 53.589344024658, -0.92628479003906
 53.580627441406, -0.88459968566895
 53.585090637207, -0.8430004119873
 53.584861755371, -0.8159065246582
 53.579292297363, -0.77559471130371
 53.582172393799, -0.73825836181641
 53.590488433838, -0.72598457336426
 53.589344024658, -0.69328308105469
 53.590126037598, -0.67846298217773
 53.589935302734, -0.67477226257324
 53.589954376221, -0.67196846008301
 53.590278625488, -0.66624641418457
 53.590564727783, -0.6617546081543
 53.59073638916, -0.65814971923828
 53.590888977051, -0.65508842468262
 53.588523864746, -0.65385818481445
 53.587245941162, -0.65385818481445
 53.585662841797, -0.65391540527344
 53.584022521973, -0.65342903137207
 53.581848144531, -0.65457344055176
 53.581638336182, -0.65691947937012
 53.581676483154, -0.65691947937012
 53.581638336182, -0.65691947937012
 53.581638336182, -0.65691947937012
 53.581657409668, -0.65691947937012
 53.581657409668, -0.65694808959961
 53.581638336182, -0.65691947937012
 53.581867218018, -0.65428733825684
 53.579978942871, -0.65428733825684
 53.578357696533, -0.65048217773438
 53.577747344971, -0.64885139465332
 53.574733734131, -0.6430721282959
 53.574028015137, -0.64169883728027
 53.571720123291, -0.63735008239746
 53.571109771729, -0.63620567321777
 53.569622039795, -0.63328742980957
 53.56912612915, -0.63237190246582
 53.567123413086, -0.62839508056641
 53.56653213501, -0.62536239624023
 53.56653213501, -0.62049865722656
 53.566646575928, -0.6159782409668
 53.566417694092, -0.61549186706543
 53.551216125488, -0.56882858276367
 53.54887008667, -0.53512573242188
 53.54923248291, -0.50786018371582
 53.549633026123, -0.50568580627441
 53.550148010254, -0.50253868103027
 53.550453186035, -0.5005931854248
 53.550720214844, -0.49901962280273
 53.552665710449, -0.49633026123047
 53.554134368896, -0.4962158203125
 53.553867340088, -0.49301147460938
 53.551998138428, -0.49261093139648
 53.551597595215, -0.48803329467773
 53.551540374756, -0.48748970031738
 53.553562164307, -0.48402786254883
 53.555850982666, -0.48213958740234
 53.55770111084, -0.47856330871582
 53.560256958008, -0.47281265258789
 53.562965393066, -0.46666145324707
 53.563594818115, -0.46291351318359
 53.564796447754, -0.45896530151367
 53.565654754639, -0.45613288879395
 53.566493988037, -0.45364379882812
 53.567657470703, -0.45023918151855
 53.568420410156, -0.44849395751953
 53.580760955811, -0.41942596435547
 53.581962585449, -0.38712501525879
 53.585243225098, -0.35837173461914
 53.582572937012, -0.3233528137207
 53.585815429688, -0.29253959655762
 53.597717285156, -0.27105331420898
 53.608951568604, -0.26206970214844
 53.612480163574, -0.24069786071777
 53.611545562744, -0.22696495056152
 53.611812591553, -0.22567749023438
 53.611812591553, -0.22567749023438
 53.611812591553, -0.22567749023438
 53.611812591553, -0.22567749023438
 53.616353192102, -0.22438665527373
 53.618159777137, -0.22528498523212
 53.619419947039, -0.22242166854646
 53.620283965969, -0.22013000667777
 53.619962947078, -0.21735001296389
 53.618999890405, -0.21544832554836
 53.615725842417, -0.21134769294774
 53.615725842417, -0.21134769294774
 53.615284890963, -0.21225443180685
 53.615284890963, -0.21225443180685
 53.615284890963, -0.21225443180685
 53.615284890963, -0.21225443180685
 53.615284890963, -0.21225443180685
 53.615798950195, -0.21100044250488
 53.615798950195, -0.21100044250488
 53.616333007812, -0.20925521850586
 53.619709014893, -0.20353317260742
 53.620071411133, -0.20052909851074
 53.619155883789, -0.19804000854492
 53.617820739746, -0.19658088684082
 53.603477478027, -0.18545150756836
 53.595600128174, -0.18173217773438
 53.58470916748, -0.14659881591797
 53.578395843506, -0.10854721069336
 53.574619293213, -0.081253051757812
 53.575096130371, -0.078535079956055
 53.575210571289, -0.075788497924805
 53.575038909912, -0.072298049926758
 53.574542999268, -0.068864822387695
 53.574066162109, -0.065574645996094
 53.573513031006, -0.062742233276367
 53.572692871094, -0.060367584228516
 53.571529388428, -0.056333541870117
 53.570575714111, -0.053300857543945
 53.569679260254, -0.050268173217773
 53.568782806396, -0.047492980957031
 53.567867279053, -0.044517517089844
 53.566799163818, -0.04277229309082
 53.565196990967, -0.040798187255859
 53.563537597656, -0.038738250732422
 53.562469482422, -0.037422180175781
 53.561382293701, -0.036048889160156
 53.560333251953, -0.033674240112305
 53.560771942139, -0.030841827392578
 53.560810089111, -0.029296875
 53.557872772217, -0.024604797363281
 53.556385040283, -0.022716522216797
 53.55260848999, -0.018682479858398
 53.551902770996, -0.017967224121094
 53.551864624023, -0.017967224121094
 53.55188369751, -0.017967224121094
 53.551197052002, -0.017595291137695
 53.549690246582, -0.016393661499023
 53.550947944263, -0.017030594835891
 53.550947944263, -0.017030594835891
 53.548665108344, -0.013481121260449
 53.546013383906, -0.0092412785612363
 53.543908459357, -0.0093807470710764
 53.542461395264, -0.0082683563232422
 53.542442321777, -0.00823974609375
 53.542442321777, -0.0082683563232422
 53.542461395264, -0.0082969665527344
