 51.606311798096, 0.1255989074707
 51.606922149658, 0.1259708404541
 51.606311798096, 0.12419700622559
 51.605205535889, 0.1215934753418
 51.603527069092, 0.11775970458984
 51.602363586426, 0.11504173278809
 51.600208282471, 0.10800361633301
 51.59948348999, 0.1054573059082
 51.598281860352, 0.10125160217285
 51.59517288208, 0.097274780273438
 51.597477765211, 0.10416671228234
 51.597477765211, 0.10416671228234
 51.596610975601, 0.10140610622475
 51.595230102539, 0.097131729125977
 51.595420837402, 0.095787048339844
 51.596736907959, 0.095815658569336
 51.594715118408, 0.088577270507812
 51.594085693359, 0.086488723754883
 51.592407226562, 0.084028244018555
 51.591606140137, 0.083255767822266
 51.590442657471, 0.082311630249023
 51.589202880859, 0.081424713134766
 51.587047576904, 0.080537796020508
 51.585941314697, 0.079221725463867
 51.584758758545, 0.07807731628418
 51.58224105835, 0.074987411499023
 51.57886505127, 0.07232666015625
 51.573352813721, 0.06566047668457
 51.572761535645, 0.065174102783203
 51.571960449219, 0.065746307373047
 51.571979522705, 0.065746307373047
 51.571979522705, 0.065746307373047
 51.571922302246, 0.065746307373047
 51.571941375732, 0.065746307373047
 51.571941375732, 0.065746307373047
 51.571941375732, 0.065746307373047
 51.571960449219, 0.06566047668457
 51.571941375732, 0.065689086914062
 51.571941375732, 0.065689086914062
 51.571140289307, 0.066604614257812
 51.56551361084, 0.066118240356445
 51.563491821289, 0.067377090454102
 51.561489105225, 0.069007873535156
 51.559352874756, 0.070152282714844
 51.558132171631, 0.070152282714844
 51.555118560791, 0.071840286254883
 51.552886962891, 0.073471069335938
 51.551971435547, 0.073928833007812
 51.5500831604, 0.074758529663086
 51.548633575439, 0.075616836547852
 51.547050476074, 0.076417922973633
 51.544609069824, 0.077505111694336
 51.542778015137, 0.079822540283203
 51.542320251465, 0.085659027099609
 51.542472839355, 0.08580207824707
 51.544179505093, 0.081441402363012
 51.544179505093, 0.081441402363012
 51.545085906982, 0.091924667358398
 51.545066833496, 0.091953277587891
 51.545009613037, 0.091981887817383
 51.545372009277, 0.092811584472656
 51.549243927002, 0.10222434997559
 51.550102233887, 0.10499954223633
 51.551780700684, 0.10714530944824
 51.551818847656, 0.1127815246582
 51.547756195068, 0.11346817016602
 51.545162200928, 0.11323928833008
 51.544399261475, 0.11312484741211
 51.543445587158, 0.11303901672363
 51.542625427246, 0.11655807495117
 51.544208526611, 0.12039184570312
 51.545143127441, 0.1226806640625
 51.54541015625, 0.12445449829102
 51.544017791748, 0.12637138366699
 51.54203414917, 0.12737274169922
 51.538867950439, 0.128173828125
 51.539344787598, 0.13449668884277
 51.539516448975, 0.13724327087402
 51.539688110352, 0.14013290405273
 51.539993286133, 0.14476776123047
 51.541233062744, 0.14814376831055
 51.543579101562, 0.1479434967041
 51.543579101562, 0.1479434967041
 51.543579101562, 0.1479434967041
 51.543579101562, 0.1479434967041
 51.54444381596, 0.080339737480333
 51.555366516113, 0.14702796936035
 51.557540893555, 0.14717102050781
 51.559162139893, 0.14771461486816
 51.561088562012, 0.14791488647461
 51.561183929443, 0.15134811401367
 51.560897827148, 0.15303611755371
 51.560325622559, 0.15483856201172
 51.559925079346, 0.15566825866699
 51.560668945312, 0.15641212463379
 51.560649871826, 0.1563549041748
 51.560688018799, 0.1563549041748
 51.560649871826, 0.15641212463379
 51.560688018799, 0.15641212463379
 51.56063079834, 0.1563835144043
 51.56063079834, 0.1563835144043
 51.544610427099, 0.081338679302574
 51.544610427099, 0.081338679302574
 51.544610427099, 0.081338679302574
 51.544610427099, 0.081338679302574
 51.544610427099, 0.081338679302574
 51.544610427099, 0.081338679302574
 51.544610427099, 0.081338679302574
 51.559862886468, 0.16058271505949
 51.559862886468, 0.16058271505949
 51.559862886468, 0.16058271505949
 51.559862886468, 0.16058271505949
 51.559862886468, 0.16058271505949
 51.559862886468, 0.16058271505949
 51.559862886468, 0.16058271505949
 51.559862886468, 0.16058271505949
 51.559862886468, 0.16058271505949
 51.559862886468, 0.16058271505949
 51.560688018799, 0.1563835144043
 51.561450958252, 0.15583992004395
 51.56177520752, 0.15546798706055
 51.561756134033, 0.15546798706055
 51.561603546143, 0.15486717224121
 51.561088562012, 0.15151977539062
 51.561222076416, 0.15106201171875
 51.561107635498, 0.14797210693359
 51.561450958252, 0.14777183532715
 51.565647125244, 0.14562606811523
 51.568832397461, 0.14419555664062
 51.569786071777, 0.14359474182129
 51.570224761963, 0.1421070098877
 51.571235656738, 0.14239311218262
 51.572494506836, 0.14368057250977
 51.572799682617, 0.14582633972168
 51.573448181152, 0.15143394470215
 51.5744972229, 0.15984535217285
 51.574630737305, 0.16310691833496
 51.5744972229, 0.16436576843262
 51.574764251709, 0.17303466796875
 51.575679779053, 0.17626762390137
 51.576080322266, 0.17678260803223
 51.577777862549, 0.1787281036377
 51.578407287598, 0.18035888671875
 51.578178405762, 0.18061637878418
 51.577281951904, 0.18153190612793
 51.570434570312, 0.18642425537109
 51.569480895996, 0.186767578125
 51.567420959473, 0.18665313720703
 51.565341949463, 0.18894195556641
 51.565208435059, 0.1911449432373
 51.565170288086, 0.19423484802246
 51.565113067627, 0.19675254821777
 51.564788818359, 0.20350456237793
 51.563606262207, 0.20779609680176
 51.563491821289, 0.2178955078125
 51.564235687256, 0.21829605102539
 51.563472747803, 0.22027015686035
 51.562252044678, 0.22021293640137
 51.562252044678, 0.22021293640137
 51.562252044678, 0.22021293640137
 51.555442810059, 0.21998405456543
 51.549777984619, 0.21803855895996
 51.545581817627, 0.21546363830566
 51.542892456055, 0.21220207214355
 51.541595458984, 0.20639419555664
 51.539669036865, 0.20524978637695
 51.538829803467, 0.20364761352539
 51.538829803467, 0.20364761352539
 51.538829803467, 0.20364761352539
 51.529350280762, 0.19014358520508
 51.528720855713, 0.19017219543457
 51.527290344238, 0.19314765930176
 51.525573730469, 0.19228935241699
 51.523399353027, 0.19157409667969
 51.519565582275, 0.18948554992676
 51.519584655762, 0.18857002258301
 51.49621963501, 0.23880958557129
 51.49829864502, 0.26721954345703
 51.48250579834, 0.26710510253906
 51.463508605957, 0.25783538818359
 51.459331512451, 0.22553443908691
 51.456184387207, 0.20078659057617
 51.46297454834, 0.18267631530762
 51.480811816186, 0.1992726808012
 51.480811816186, 0.1992726808012
 51.480811816186, 0.1992726808012
 51.480811816186, 0.1992726808012
 51.480811816186, 0.1992726808012
 51.477432250977, 0.19045829772949
 51.477432250977, 0.19045829772949
 51.477432250977, 0.19045829772949
 51.477432250977, 0.19045829772949
 51.480811816186, 0.1992726808012
 51.480811816186, 0.1992726808012
 51.480811816186, 0.1992726808012
 51.480811816186, 0.1992726808012
 51.480811816186, 0.1992726808012
 51.480811816186, 0.1992726808012
 51.480811816186, 0.1992726808012
 51.480811816186, 0.1992726808012
 51.479513646503, 0.19951995814009
 51.478069, 0.19851
 51.477851867676, 0.19020080566406
 51.477851867676, 0.19022941589355
 51.478366851807, 0.18430709838867
 51.478481292725, 0.17930030822754
 51.480369567871, 0.17704010009766
 51.48063659668, 0.17406463623047
 51.480541229248, 0.16997337341309
 51.479778289795, 0.16714096069336
 51.478900909424, 0.16485214233398
 51.47834777832, 0.16416549682617
 51.475811004639, 0.16304969787598
 51.475811004639, 0.16304969787598
 51.475811004639, 0.16304969787598
 51.475811004639, 0.16304969787598
 51.475811004639, 0.16304969787598
 51.469192504883, 0.15938758850098
 51.467895507812, 0.1582145690918
 51.467895507812, 0.1582145690918
 51.467895507812, 0.1582145690918
 51.467895507812, 0.1582145690918
 51.467895507812, 0.1582145690918
 51.458797454834, 0.15283584594727
 51.45601272583, 0.15312194824219
 51.454658508301, 0.15552520751953
 51.454105377197, 0.1596736907959
 51.453437805176, 0.16282081604004
 51.453132629395, 0.1658821105957
 51.45227432251, 0.17071723937988
 51.45191192627, 0.17229080200195
 51.45092010498, 0.16759872436523
 51.450214385986, 0.1655101776123
 51.449642181396, 0.16399383544922
 51.449012756348, 0.16204833984375
 51.448421478271, 0.16036033630371
 51.448345184326, 0.16030311584473
 51.448440551758, 0.16033172607422
 51.448364257812, 0.15810012817383
 51.448879241943, 0.15664100646973
 51.450576782227, 0.15506744384766
 51.451892852783, 0.15214920043945
 51.453399658203, 0.15206336975098
 51.455039978027, 0.15263557434082
 51.455726623535, 0.15003204345703
 51.457023620605, 0.14817237854004
 51.457233428955, 0.14522552490234
 51.456909179688, 0.14216423034668
 51.457462310791, 0.13835906982422
 51.457862854004, 0.13578414916992
 51.458187103271, 0.13335227966309
 51.45881652832, 0.12943267822266
 51.45938873291, 0.12568473815918
 51.458320617676, 0.12345314025879
 51.456737518311, 0.12313842773438
 51.455345153809, 0.12288093566895
 51.454105377197, 0.12276649475098
 51.452159881592, 0.12302398681641
 51.451034545898, 0.12228012084961
 51.45092010498, 0.12222290039062
