 53.235988616943, -0.54296493530273
 53.23600769043, -0.54296493530273
 53.23600769043, -0.54296493530273
 53.23600769043, -0.54296493530273
 53.24104309082, -0.54737091064453
 53.23823928833, -0.54834365844727
 53.23657989502, -0.54874420166016
 53.234786987305, -0.54805755615234
 53.233833312988, -0.54651260375977
 53.232345581055, -0.54634094238281
 53.230953216553, -0.5471134185791
 53.230667114258, -0.54862976074219
 53.23148727417, -0.55131912231445
 53.232192993164, -0.55340766906738
 53.233547210693, -0.55801391601562
 53.234577178955, -0.56196212768555
 53.242664337158, -0.5720043182373
 53.249702453613, -0.59366226196289
 53.262023925781, -0.62049865722656
 53.265514373779, -0.65402984619141
 53.269996643066, -0.65543174743652
 53.272037506104, -0.65617561340332
 53.274364471436, -0.65729141235352
 53.273601531982, -0.65978050231934
 53.272914886475, -0.66112518310547
 53.27184677124, -0.66398620605469
 53.270263671875, -0.66481590270996
 53.268280029297, -0.66367149353027
 53.267002105713, -0.66186904907227
 53.26587677002, -0.65883636474609
 53.265743255615, -0.6544303894043
 53.264503479004, -0.65866470336914
 53.257637023926, -0.69205284118652
 53.256282806396, -0.72741508483887
 53.258781433105, -0.7639217376709
 53.259925842285, -0.78835487365723
 53.259925842285, -0.78835487365723
 53.259925842285, -0.78835487365723
 53.259925842285, -0.78835487365723
 53.259925842285, -0.78835487365723
 53.254209732119, -0.83431993347408
 53.254120939659, -0.83822829578318
 53.25386822266, -0.84148496199599
 53.254097033997, -0.84355504292302
 53.252182006836, -0.89364051818848
 53.252182006836, -0.89364051818848
 53.249912261963, -0.88871955871582
 53.249912261963, -0.88871955871582
 53.247909545898, -0.89092254638672
 53.247909545898, -0.89092254638672
 53.238201141357, -0.89621543884277
 53.235988616943, -0.9001636505127
 53.235988616943, -0.9001636505127
 53.235988616943, -0.9001636505127
 53.235988616943, -0.9001636505127
 53.235988616943, -0.9001636505127
 53.221206665039, -0.9473991394043
 53.216438293457, -0.96396446228027
 53.216972351074, -0.96688270568848
 53.215446472168, -0.96811294555664
 53.212127685547, -0.9686279296875
 53.209571838379, -0.96922874450684
 53.208560943604, -0.96962928771973
 53.20613861084, -0.98379135131836
 53.206577301025, -0.98576545715332
 53.206253051758, -0.98871231079102
 53.205146789551, -0.99308967590332
 53.204689025879, -0.99678039550781
 53.204402923584, -0.9993839263916
 53.204364776611, -1.0049057006836
 53.204097747803, -1.008939743042
 53.202838897705, -1.0131168365479
 53.202323913574, -1.0152053833008
 53.201465606689, -1.0174369812012
 53.201389312744, -1.0195827484131
 53.201923370361, -1.0221862792969
 53.201541900635, -1.0242462158203
 53.202686309814, -1.0316848754883
 53.202686309814, -1.0316848754883
 53.202686309814, -1.0316848754883
 53.20198059082, -1.0628986358643
 53.20198059082, -1.0628986358643
 53.20198059082, -1.0628986358643
 53.20198059082, -1.0628986358643
 53.20198059082, -1.0628986358643
 53.202134687636, -1.0637741686079
 53.202134687636, -1.0637741686079
 53.202134687636, -1.0637741686079
 53.202134687636, -1.0637741686079
 53.202134687636, -1.0637741686079
 53.202134687636, -1.0637741686079
 53.202134687636, -1.0637741686079
 53.202134687636, -1.0637741686079
 53.202134687636, -1.0637741686079
 53.202134687636, -1.0637741686079
 53.202134687636, -1.0637741686079
 53.202134687636, -1.0637741686079
 53.201853763122, -1.0637653691869
 53.199866656327, -1.064644694206
 53.19798173834, -1.0649360871008
 53.19631030667, -1.064778200444
 53.194394350462, -1.0642715387349
 53.193046545143, -1.0654278057739
 53.194999114578, -1.0662500734102
 53.194879293893, -1.0692499995879
 53.19445240707, -1.0720548594593
 53.193950388166, -1.074949899172
 53.19323853485, -1.0783947454341
 53.19323853485, -1.0783947454341
 53.16887107536, -1.1744262979286
 53.16887107536, -1.1744262979286
 53.168922321495, -1.1766250745103
 53.168528424075, -1.1796935181368
 53.166882348485, -1.1816067181563
 53.166255950928, -1.1822319030762
 53.162269592285, -1.1853504180908
 53.160381317139, -1.1872673034668
 53.160266876221, -1.1873817443848
 53.160285949707, -1.1873817443848
 53.159160614014, -1.1891555786133
 53.157291412354, -1.1913585662842
 53.155136108398, -1.1935043334961
 53.153324127197, -1.1944484710693
 53.155174255371, -1.1978244781494
 53.155002593994, -1.197395324707
 53.154964447021, -1.1973667144775
 53.155002593994, -1.1974811553955
 53.155002593994, -1.1974811553955
 53.15502166748, -1.1974811553955
 53.15502166748, -1.197395324707
 53.15502166748, -1.197395324707
 53.15502166748, -1.197395324707
 53.15502166748, -1.197395324707
 53.15502166748, -1.197395324707
 53.153628366401, -1.1992617966655
 53.153628366401, -1.1992617966655
 53.153628366401, -1.1992617966655
 53.153628366401, -1.1992617966655
 53.153628366401, -1.1992617966655
 53.153628366401, -1.1992617966655
 53.153628366401, -1.1992617966655
 53.153628366401, -1.1992617966655
 53.153628366401, -1.1992617966655
 53.153628366401, -1.1992617966655
 53.15502166748, -1.197395324707
 53.15502166748, -1.197395324707
 53.155059814453, -1.197452545166
 53.155040740967, -1.197452545166
 53.15502166748, -1.1974239349365
 53.15502166748, -1.1974239349365
 53.15502166748, -1.1974239349365
 53.155059814453, -1.197452545166
 53.153667449951, -1.1991691589355
 53.152141571045, -1.1996841430664
 53.150634765625, -1.2006855010986
 53.148956298828, -1.2006855010986
 53.146438598633, -1.1992263793945
 53.144798278809, -1.1966228485107
 53.144092559814, -1.1951923370361
 53.143730163574, -1.1933898925781
 53.143501281738, -1.1910152435303
 53.142757415771, -1.1889839172363
 53.142242431641, -1.1872100830078
 53.14151763916, -1.184778213501
 53.140468597412, -1.1818885803223
 53.138160705566, -1.177396774292
 53.136329650879, -1.173849105835
 53.135566711426, -1.1713600158691
 53.134708404541, -1.1689853668213
 53.133850097656, -1.1674404144287
 53.130226135254, -1.1560821533203
 53.13024520874, -1.1329078674316
 53.120727539062, -1.102123260498
 53.119640350342, -1.0664463043213
 53.121356964111, -1.0385513305664
 53.118572235107, -1.0051918029785
 53.113842010498, -0.99117279052734
 53.106422424316, -0.95392227172852
 53.097629547119, -0.92525482177734
 53.091144561768, -0.8946418762207
 53.087730407715, -0.87100982666016
 53.08874130249, -0.8525562286377
 53.08874130249, -0.8525562286377
 53.092956542969, -0.84806442260742
 53.092441558838, -0.84194183349609
 53.091945648193, -0.84179878234863
 53.082981109619, -0.82895278930664
 53.081436157227, -0.81516265869141
 53.079357147217, -0.81367492675781
 53.07804107666, -0.81138610839844
 53.07804107666, -0.81138610839844
 53.076705932617, -0.8089542388916
 53.076705932617, -0.8089542388916
 53.076705932617, -0.8089542388916
 53.072147369385, -0.80557823181152
 53.071537017822, -0.80343246459961
 53.070392608643, -0.80034255981445
 53.069496154785, -0.79888343811035
 53.069019317627, -0.79811096191406
 53.067531585693, -0.79550743103027
 53.066062927246, -0.79290390014648
 53.064136505127, -0.79007148742676
 53.062610626221, -0.78832626342773
 53.060913085938, -0.787353515625
 53.059730529785, -0.78646659851074
 53.057670593262, -0.78503608703613
 53.055973052979, -0.78420639038086
 53.054542541504, -0.78372001647949
 53.053817749023, -0.78349113464355
 53.047218322754, -0.77962875366211
 53.042602539062, -0.77190399169922
 53.016757965088, -0.76523780822754
 53.016757965088, -0.76523780822754
 53.016757965088, -0.76523780822754
 53.016757965088, -0.76523780822754
 52.96012878418, -0.68881988525391
 52.945423126221, -0.67388534545898
 52.945423126221, -0.67388534545898
 52.936420440674, -0.64126968383789
 52.935028076172, -0.62928199768066
 52.935028076172, -0.62928199768066
 52.935028076172, -0.62928199768066
 52.935028076172, -0.62928199768066
 52.943925, -0.619309
 52.943925, -0.619309
 52.943925, -0.619309
 52.943925, -0.619309
 52.943925, -0.619309
 52.941436767578, -0.62087059020996
 52.941417694092, -0.62089920043945
 52.941417694092, -0.62089920043945
 52.941417694092, -0.62089920043945
 52.941417694092, -0.62089920043945
 52.941417694092, -0.62089920043945
 52.923457821561, -0.63878501111067
 52.923457821561, -0.63878501111067
 52.921197028945, -0.63992165063812
 52.917404174805, -0.64035415649414
 52.917156219482, -0.64052581787109
 52.914695739746, -0.64009666442871
 52.913608551025, -0.64029693603516
 52.91109085083, -0.64035415649414
 52.9123878479, -0.64244270324707
 52.9123878479, -0.64244270324707
 52.915210723877, -0.64696311950684
 52.91618347168, -0.64970970153809
 52.916526794434, -0.65219879150391
 52.916774749756, -0.65651893615723
 52.917060852051, -0.66204071044922
 52.917251586914, -0.66501617431641
 52.91971206665, -0.68501472473145
 52.929592132568, -0.714111328125
 52.931251525879, -0.73917388916016
 52.936096191406, -0.77759742736816
 52.934951782227, -0.81816673278809
 52.941722869873, -0.85679054260254
 52.942752838135, -0.89083671569824
 52.947273254395, -0.92997550964355
 52.947044372559, -0.97094535827637
 52.951030731201, -0.99251747131348
 52.94900894165, -1.0228157043457
 52.948455810547, -1.0262489318848
 52.94807434082, -1.0288524627686
 52.947845458984, -1.0317134857178
 52.94713973999, -1.0350894927979
 52.947196960449, -1.0372352600098
 52.946739196777, -1.0400676727295
 52.946586608887, -1.0435009002686
 52.9465675354, -1.0465049743652
 52.945308685303, -1.0473918914795
 52.944202423096, -1.0495090484619
 52.943725585938, -1.0506248474121
 52.937870025635, -1.0634422302246
 52.932720184326, -1.0991764068604
 52.938423156738, -1.106071472168
 52.942352294922, -1.0946846008301
 52.944984436035, -1.0925960540771
 52.944774627686, -1.0930824279785
 52.944793701172, -1.0930824279785
 52.944869995117, -1.093053817749
 52.941455, -1.092179
 52.941455, -1.092179
 52.942082, -1.09373
 52.942082, -1.09373
 52.942082, -1.09373
 52.942082, -1.09373
 52.941951751709, -1.0946846008301
 52.941112518311, -1.095085144043
 52.938442230225, -1.1059856414795
 52.933597564697, -1.1181163787842
 52.937202453613, -1.1243534088135
 52.937984466553, -1.126070022583
 52.938327789307, -1.1300754547119
 52.937755584717, -1.1329364776611
 52.938385009766, -1.1362552642822
 52.93888092041, -1.1375427246094
 52.937488555908, -1.138744354248
 52.936229705811, -1.1392593383789
 52.934417724609, -1.1398315429688
 52.933216094971, -1.1405181884766
 52.932682037354, -1.142406463623
 52.932758331299, -1.1445808410645
 52.933464050293, -1.1446666717529
 52.935047149658, -1.1449241638184
 52.936401367188, -1.1448955535889
 52.936553955078, -1.1420631408691
 52.937774658203, -1.1430644989014
 52.93888092041, -1.1413478851318
 52.941017150879, -1.1397171020508
 52.942848205566, -1.1398601531982
 52.944316864014, -1.1400604248047
 52.946224212646, -1.1400604248047
 52.948703765869, -1.1403751373291
 52.950668334961, -1.1401176452637
 52.952785491943, -1.1409473419189
 52.953071594238, -1.1385440826416
 52.953109741211, -1.1385440826416
 52.953128814697, -1.1385440826416
 52.953109741211, -1.1385154724121
 52.954273223877, -1.1370849609375
 52.955303192139, -1.1380577087402
 52.956619262695, -1.1417770385742
 52.955513000488, -1.1423778533936
 52.954425811768, -1.1405467987061
 52.953491210938, -1.1410045623779
 52.951812744141, -1.1404609680176
 52.95093536377, -1.1436367034912
 52.9514503479, -1.1460971832275
 52.951736450195, -1.1488723754883
