 50.716953277588, -3.5310459136963
 50.716953277588, -3.5310173034668
 50.717315673828, -3.5316181182861
 50.716915130615, -3.53590965271
 50.715560913086, -3.5358810424805
 50.712604522705, -3.5370540618896
 50.711212158203, -3.5376834869385
 50.710105895996, -3.5379981994629
 50.707759857178, -3.5375118255615
 50.707378387451, -3.5375118255615
 50.700588226318, -3.545036315918
 50.711307525635, -3.5683250427246
 50.72359085083, -3.6113548278809
 50.723667144775, -3.6288356781006
 50.730209350586, -3.687686920166
 50.726795196533, -3.7074279785156
 50.72774887085, -3.7662220001221
 50.71720123291, -3.8009262084961
 50.717010498047, -3.8210678100586
 50.727005004883, -3.8568592071533
 50.735664367676, -3.894739151001
 50.740604400635, -3.9351367950439
 50.741081237793, -3.9629745483398
 50.74068069458, -3.9784526824951
 50.741329193115, -3.9856338500977
 50.740966796875, -3.9887237548828
 50.740451812744, -3.9911842346191
 50.739822387695, -3.9942455291748
 50.739364624023, -3.9975070953369
 50.739612579346, -4.0001392364502
 50.7395362854, -4.0015411376953
 50.7395362854, -4.0015411376953
 50.74056, -4.00804
 50.743389129639, -4.0144443511963
 50.743389129639, -4.0144443511963
 50.751113891602, -4.0253448486328
 50.754661560059, -4.0252017974854
 50.756778717041, -4.0242862701416
 50.759372711182, -4.0231990814209
 50.762176513672, -4.0227127075195
 50.763664245605, -4.0221691131592
 50.765552520752, -4.0219688415527
 50.76681137085, -4.0221405029297
 50.780849456787, -4.0311813354492
 50.789489746094, -4.035758972168
 50.810985565186, -4.0594482421875
 50.818729400635, -4.0730667114258
 50.820713043213, -4.072322845459
 50.822429656982, -4.0707778930664
 50.82426071167, -4.0718078613281
 50.82426071167, -4.0718078613281
 50.832195281982, -4.0744972229004
 50.843925476074, -4.0757274627686
 50.843925476074, -4.0757274627686
 50.868282318115, -4.0716361999512
 50.868282318115, -4.0716361999512
 50.88925, -4.09588
 50.89081, -4.09322
 50.89144, -4.09275
 50.952128863745, -4.1394864492001
 50.952128863745, -4.1394864492001
 50.908813476562, -4.1191291809082
 50.915126800537, -4.1416454315186
 50.924530029297, -4.1471672058105
 50.934085845947, -4.1526317596436
 50.934085845947, -4.1526317596436
 50.95291, -4.14292
 50.95265, -4.14618
 50.95259, -4.14959
 50.95289, -4.15184
 50.95294, -4.1544
 51.010529224941, -4.2065117697957
 51.010529224941, -4.2065117697957
 50.952892303467, -4.1536331176758
 50.953388214111, -4.1567802429199
 50.953636169434, -4.159984588623
 50.962982177734, -4.1772651672363
 50.96887588501, -4.1740322113037
 50.977554321289, -4.1904544830322
 50.977554321289, -4.1904544830322
 51.02321015949, -4.2024583609389
 51.02321015949, -4.2024583609389
 51.02321015949, -4.2024583609389
 51.02321015949, -4.2024583609389
 51.018962860107, -4.2043018341064
 51.020584106445, -4.2039012908936
 51.021900177002, -4.2031288146973
 51.022987365723, -4.2025852203369
 51.022434234619, -4.2028427124023
 51.022434234619, -4.2028427124023
 51.022453308105, -4.2028141021729
 51.022453308105, -4.2028141021729
 51.022415161133, -4.2028427124023
 51.022129058838, -4.2028999328613
 51.020984649658, -4.2035007476807
 51.021213531494, -4.2071914672852
 51.023750305176, -4.2093944549561
 51.024913787842, -4.2119693756104
 51.026916503906, -4.2138290405273
 51.02840423584, -4.2133140563965
 51.030445098877, -4.1929721832275
 51.034183502197, -4.1606998443604
 51.043262481689, -4.1305160522461
 51.060180664062, -4.1069984436035
 51.065330505371, -4.0840244293213
 51.069679260254, -4.0858268737793
 51.071910858154, -4.0856552124023
 51.071929931641, -4.0827083587646
 51.071834564209, -4.0792751312256
 51.072330474854, -4.0750122070312
 51.07364654541, -4.0725517272949
 51.07494354248, -4.068660736084
 51.075916290283, -4.066686630249
 51.0764503479, -4.0634536743164
 51.076908111572, -4.0609645843506
 51.078300476074, -4.0593338012695
 51.078701019287, -4.0603065490723
 51.078701019287, -4.0603065490723
 51.081829071045, -4.0634536743164
 51.082859039307, -4.0621948242188
 51.083431243896, -4.0645408630371
 51.083889007568, -4.0670013427734
 51.084861755371, -4.0704917907715
 51.08512878418, -4.0716075897217
 51.092948913574, -4.1017627716064
 51.094417572021, -4.12917137146
 51.099071502686, -4.1515445709229
 51.099758148193, -4.1535758972168
 51.101665496826, -4.1571807861328
 51.10330581665, -4.1579818725586
 51.104145050049, -4.1587257385254
 51.105403900146, -4.1594409942627
 51.105575561523, -4.1594123840332
 51.107406616211, -4.1606712341309
 51.108913421631, -4.1615009307861
 51.111164093018, -4.1612148284912
 51.113624572754, -4.1617298126221
 51.113929748535, -4.1617870330811
 51.123180389404, -4.1555500030518
 51.125774383545, -4.1552639007568
 51.127834320068, -4.1561508178711
 51.127834320068, -4.1561508178711
 51.147937774658, -4.145565032959
 51.162605285645, -4.1384696960449
 51.176338195801, -4.1318035125732
 51.180114746094, -4.131031036377
 51.183738708496, -4.1300010681152
 51.184749603271, -4.1292858123779
 51.184749603271, -4.1292858123779
 51.207687495593, -4.1037695841929
 51.207687495593, -4.1037695841929
 51.207687495593, -4.1037695841929
 51.198272705078, -4.1240501403809
 51.201667785645, -4.1257381439209
 51.203765869141, -4.1266536712646
 51.205635070801, -4.1264247894287
 51.206398010254, -4.1256523132324
 51.207523345947, -4.1249084472656
 51.208057403564, -4.123706817627
 51.208629608154, -4.1217613220215
 51.208972930908, -4.1206169128418
 51.208438873291, -4.1139221191406
 51.207389831543, -4.1104888916016
 51.206340789795, -4.1074562072754
 51.206836700439, -4.1061115264893
 51.206798553467, -4.1061115264893
 51.206798553467, -4.1061115264893
 51.206817626953, -4.1061115264893
 51.206817626953, -4.1061115264893
 51.206817626953, -4.1060829162598
 51.206817626953, -4.1060829162598
 51.206817626953, -4.1060829162598
 51.207687495593, -4.1037695841929
 51.207687495593, -4.1037695841929
 51.207687495593, -4.1037695841929
 51.207687495593, -4.1037695841929
 51.207687495593, -4.1037695841929
 51.209731128494, -4.0971956782975
 51.20677947998, -4.1061401367188
 51.20677947998, -4.1061401367188
 51.206798553467, -4.1061401367188
 51.206798553467, -4.1061973571777
 51.206817626953, -4.1062545776367
 51.206798553467, -4.1062259674072
 51.206855773926, -4.1062545776367
 51.206817626953, -4.1061401367188
 51.206798553467, -4.1061115264893
 51.206817626953, -4.1061115264893
 51.206817626953, -4.1061115264893
 51.206817626953, -4.1061401367188
 51.20677947998, -4.1061401367188
 51.206722259521, -4.1048812866211
 51.207103729248, -4.1015625
 51.208343505859, -4.099588394165
 51.208648681641, -4.0989875793457
 51.209411621094, -4.0977001190186
 51.209735870361, -4.0972137451172
 51.213245391846, -4.0909767150879
 51.213245391846, -4.0909767150879
 51.206474304199, -4.0565299987793
 51.206150054932, -4.0450000762939
 51.206150054932, -4.0450000762939
 51.206150054932, -4.0450000762939
 51.204643249512, -4.0334415435791
 51.203670501709, -4.0316390991211
 51.202068328857, -4.0288352966309
 51.200256347656, -4.0256595611572
 51.198596954346, -4.0231418609619
 51.197452545166, -4.021053314209
 51.19592666626, -4.0177345275879
 51.194324493408, -4.0135860443115
 51.191463470459, -4.0075492858887
 51.187629699707, -3.9932155609131
 51.187629699707, -3.9932155609131
 51.18408203125, -3.9555644989014
 51.18408203125, -3.9555644989014
 51.18408203125, -3.9555644989014
 51.18408203125, -3.9555644989014
 51.18408203125, -3.9555644989014
 51.226325241399, -3.8343601234707
 51.226325241399, -3.8343601234707
 51.226325241399, -3.8343601234707
 51.226325241399, -3.8343601234707
 51.226325241399, -3.8343601234707
 51.226325241399, -3.8343601234707
 51.227474039322, -3.8361065916723
 51.22744, -3.83864
 51.227972643132, -3.8395848655071
 51.229044982831, -3.8390649173566
 51.23024, -3.83592
 51.22914, -3.83349
 51.22726, -3.83271
 51.22794, -3.83149
 51.2294, -3.83026
 51.20651771673, -3.6020999004709
 51.20651771673, -3.6020999004709
 51.20651771673, -3.6020999004709
 51.20651771673, -3.6020999004709
 51.20651771673, -3.6020999004709
 51.20651771673, -3.6020999004709
 51.20651771673, -3.6020999004709
 51.20651771673, -3.6020999004709
 51.20651771673, -3.6020999004709
 51.20651771673, -3.6020999004709
 51.20651771673, -3.6020999004709
 51.206760406494, -3.6019706726074
 51.207942962646, -3.6012840270996
 51.207942962646, -3.6012840270996
 51.207942962646, -3.6012840270996
 51.207942962646, -3.6012840270996
 51.207942962646, -3.6012840270996
 51.208782196045, -3.5861492156982
 51.208877563477, -3.5713005065918
 51.20174407959, -3.5498142242432
 51.202487945557, -3.5237216949463
 51.205158233643, -3.4983444213867
 51.207523345947, -3.4959411621094
 51.207885742188, -3.4920501708984
 51.207427978516, -3.4899616241455
 51.20677947998, -3.4874725341797
 51.206092834473, -3.4853553771973
 51.206035614014, -3.4826374053955
 51.205577850342, -3.4812927246094
 51.205577850342, -3.4812927246094
 51.205577850342, -3.4812927246094
 51.201190948486, -3.4748840332031
 51.200046539307, -3.4719371795654
 51.198253631592, -3.4690475463867
 51.197280883789, -3.4677314758301
 51.196308135986, -3.4649562835693
 51.19535446167, -3.4620952606201
 51.194858551025, -3.4602355957031
 51.194305419922, -3.4570598602295
 51.194076538086, -3.4554862976074
 51.190891265869, -3.4460735321045
 51.186103820801, -3.4411239624023
 51.186103820801, -3.4411239624023
 51.186103820801, -3.4411239624023
 51.186103820801, -3.4411239624023
 51.186103820801, -3.4411239624023
 51.181746711129, -3.4438932716417
 51.181746711129, -3.4438932716417
 51.181746711129, -3.4438932716417
 51.176120560533, -3.4247845162578
 51.176120560533, -3.4247845162578
 51.176120560533, -3.4247845162578
 51.176120560533, -3.4247845162578
 51.176120560533, -3.4247845162578
 51.176120560533, -3.4247845162578
 51.176120560533, -3.4247845162578
 51.17508, -3.423
 51.1743, -3.42016
 51.17277, -3.41739
 51.17277, -3.41739
 51.17277, -3.41739
 51.16151, -3.36783
 51.16051, -3.36442
 51.161499023438, -3.3679389953613
 51.161499023438, -3.3679389953613
 51.160888671875, -3.3609580993652
 51.161270141602, -3.3591270446777
 51.160678863525, -3.3569526672363
 51.158866882324, -3.3449363708496
 51.159839630127, -3.3251667022705
 51.160278320312, -3.3209323883057
 51.160278320312, -3.3209323883057
 51.160278320312, -3.3209323883057
 51.156921386719, -3.3096027374268
 51.156921386719, -3.3096027374268
 51.147079467773, -3.2792186737061
 51.147079467773, -3.2792186737061
 51.147079467773, -3.2792186737061
 51.111869812012, -3.2293796539307
 51.111869812012, -3.2293796539307
 51.087207794189, -3.2062911987305
 51.079559326172, -3.211498260498
 51.07458114624, -3.2054901123047
 51.06071472168, -3.1935024261475
 51.043682098389, -3.164119720459
 51.038627624512, -3.1519603729248
 51.025447845459, -3.1331348419189
 51.01692199707, -3.1303882598877
 51.015071868896, -3.1309032440186
 51.012878417969, -3.1315612792969
 51.012439727783, -3.1284427642822
 51.013317108154, -3.1253814697266
 51.014251708984, -3.121919631958
 51.015224456787, -3.1184864044189
 51.014938354492, -3.1161403656006
 51.014442443848, -3.1134796142578
 51.013832092285, -3.1118488311768
 51.013164520264, -3.1103610992432
 51.014423370361, -3.1052112579346
 51.014766693115, -3.1030941009521
 51.015338897705, -3.1030368804932
 51.016273498535, -3.103494644165
 51.018714904785, -3.105297088623
 51.019477844238, -3.1058120727539
 51.020545959473, -3.1041240692139
 51.019763946533, -3.0993175506592
