 55.410861968994, -1.7002201080322
 55.410842895508, -1.7002487182617
 55.410842895508, -1.7002201080322
 55.410079956055, -1.6980171203613
 55.408954620361, -1.6950130462646
 55.408210754395, -1.691951751709
 55.408210754395, -1.691951751709
 55.408210754395, -1.691951751709
 55.408210754395, -1.691951751709
 55.408210754395, -1.691951751709
 55.39293, -1.63
 55.391686990316, -1.6292020681835
 55.391686990316, -1.6292020681835
 55.35054, -1.60947
 55.378189086914, -1.6232872009277
 55.361080169678, -1.6125297546387
 55.354709625244, -1.6088390350342
 55.354709625244, -1.6088390350342
 55.354709625244, -1.6088390350342
 55.354709625244, -1.6088390350342
 55.354709625244, -1.6088390350342
 55.344912422005, -1.6119017800115
 55.342464447021, -1.6028594970703
 55.334930419922, -1.5907287597656
 55.334186553955, -1.5907859802246
 55.331954956055, -1.587553024292
 55.329036712646, -1.5863227844238
 55.327091217041, -1.5846061706543
 55.314197540283, -1.5794849395752
 55.304565429688, -1.5814018249512
 55.304565429688, -1.5814018249512
 55.304565429688, -1.5814018249512
 55.238342285156, -1.5925312042236
 55.222454071045, -1.5723323822021
 55.205593109131, -1.5745067596436
 55.193500518799, -1.5901279449463
 55.187397003174, -1.5950202941895
 55.185012817383, -1.5962219238281
 55.185089111328, -1.592845916748
 55.185165405273, -1.5892696380615
 55.183925628662, -1.5865516662598
 55.18274307251, -1.5844058990479
 55.182971954346, -1.5809726715088
 55.183410644531, -1.5752220153809
 55.183334350586, -1.5723609924316
 55.183124542236, -1.5692138671875
 55.185527801514, -1.5708160400391
 55.185928344727, -1.5687847137451
 55.187683105469, -1.5513324737549
 55.193462371826, -1.5335655212402
 55.191307067871, -1.5241813659668
 55.190048217773, -1.5223503112793
 55.188274383545, -1.5210628509521
 55.18726348877, -1.5177154541016
 55.185813903809, -1.5134811401367
 55.184230804443, -1.5139102935791
 55.182609558105, -1.5165138244629
 55.180969238281, -1.5167999267578
 55.179023742676, -1.5198040008545
 55.177745819092, -1.5226936340332
 55.170669555664, -1.5327072143555
 55.171642303467, -1.5354824066162
 55.171737670898, -1.5414619445801
 55.171375274658, -1.5440368652344
 55.170745849609, -1.5484142303467
 55.170402526855, -1.5511322021484
 55.170288085938, -1.5555667877197
 55.170307159424, -1.5584564208984
 55.170192718506, -1.5606307983398
 55.168991088867, -1.5642929077148
 55.167675018311, -1.5685558319092
 55.167102813721, -1.5715026855469
 55.166912078857, -1.5769386291504
 55.165729522705, -1.5786838531494
 55.163726806641, -1.5818881988525
 55.163059234619, -1.5847778320312
 55.162353515625, -1.5886688232422
 55.161952972412, -1.5925598144531
 55.161418914795, -1.5953350067139
 55.160274505615, -1.5983390808105
 55.158653259277, -1.602144241333
 55.159454345703, -1.6032600402832
 55.161552429199, -1.6034889221191
 55.163555145264, -1.6017436981201
 55.165176391602, -1.5995407104492
 55.166358947754, -1.600341796875
 55.167903900146, -1.6015434265137
 55.1682472229, -1.6014575958252
 55.168228149414, -1.6014575958252
 55.168170928955, -1.6014289855957
 55.170001983643, -1.6011714935303
 55.181331634521, -1.6183662414551
 55.17406463623, -1.6491222381592
 55.175457000732, -1.6730403900146
 55.171184539795, -1.6838550567627
 55.170555114746, -1.6872596740723
 55.170345306396, -1.6905784606934
 55.168991088867, -1.6911220550537
 55.167427062988, -1.6898918151855
 55.167217254639, -1.6879177093506
 55.165519714355, -1.6861724853516
 55.163917541504, -1.6849708557129
 55.162677764893, -1.6844272613525
 55.155067443848, -1.6728401184082
 55.139846801758, -1.6511821746826
 55.130233764648, -1.6447162628174
 55.125007629395, -1.6344451904297
 55.11682510376, -1.6272640228271
 55.11682510376, -1.6272640228271
 55.116806030273, -1.6272354125977
 55.116806030273, -1.6272354125977
 55.11682510376, -1.6272640228271
 55.116767883301, -1.6272068023682
 55.116767883301, -1.6272068023682
 55.116767883301, -1.6272068023682
 55.116767883301, -1.6272068023682
 55.116767883301, -1.6272068023682
 55.11596, -1.62144
 55.11547088623, -1.624174118042
 55.115604400635, -1.6209983825684
 55.116310119629, -1.6198539733887
 55.126628875732, -1.5999984741211
 55.128631591797, -1.6002559661865
 55.130825042725, -1.600513458252
 55.13111114502, -1.5959358215332
 55.130271911621, -1.5925025939941
 55.128936767578, -1.5896987915039
 55.127811431885, -1.5873241424561
 55.123271942139, -1.5797424316406
 55.125713348389, -1.5646076202393
 55.12659072876, -1.5616893768311
 55.127658843994, -1.558084487915
 55.128021240234, -1.5547657012939
 55.128536224365, -1.5523338317871
 55.12975692749, -1.5499019622803
 55.130004882812, -1.5465259552002
 55.130424499512, -1.5434074401855
 55.129928588867, -1.5424346923828
 55.129795074463, -1.5427494049072
 55.130138397217, -1.5428352355957
 55.130462646484, -1.5427780151367
 55.130462646484, -1.5376567840576
 55.130844116211, -1.5337085723877
 55.131168365479, -1.530647277832
 55.131130218506, -1.5277576446533
 55.131645202637, -1.5239238739014
 55.131378173828, -1.5220069885254
 55.12882232666, -1.5208339691162
 55.12731552124, -1.5184307098389
 55.126342773438, -1.5170001983643
 55.123538970947, -1.5156841278076
 55.123119354248, -1.5174293518066
 55.123081207275, -1.5203189849854
 55.123825073242, -1.5210914611816
 55.1247215271, -1.5206909179688
 55.124759674072, -1.5206909179688
 55.124778747559, -1.5206623077393
 55.124778747559, -1.5206909179688
 55.124797821045, -1.5206623077393
 55.124702453613, -1.5207195281982
 55.124740600586, -1.5206909179688
 55.124740600586, -1.5206909179688
 55.124740600586, -1.5206909179688
 55.124740600586, -1.5206909179688
 55.124816962248, -1.5206932998817
 55.124816962248, -1.5206932998817
 55.124816962248, -1.5206932998817
 55.124816962248, -1.5206932998817
 55.124816962248, -1.5206932998817
 55.124816962248, -1.5206932998817
 55.124816962248, -1.5206932998817
 55.124816962248, -1.5206932998817
 55.122605452612, -1.5150476437523
 55.122605452612, -1.5150476437523
 55.122605452612, -1.5150476437523
 55.122605452612, -1.5150476437523
 55.122605452612, -1.5150476437523
 55.122605452612, -1.5150476437523
 55.122605452612, -1.5150476437523
 55.125026702881, -1.5206909179688
 55.12487411499, -1.5206909179688
 55.124778747559, -1.5207195281982
 55.124645233154, -1.5203762054443
 55.124626159668, -1.5204048156738
 55.124645233154, -1.5203762054443
 55.122871398926, -1.5218639373779
 55.123157501221, -1.517972946167
 55.123271942139, -1.5153408050537
 55.12134552002, -1.5147972106934
 55.119400024414, -1.5126514434814
 55.11833190918, -1.5109634399414
 55.117797851562, -1.5101051330566
 55.115756988525, -1.5074729919434
 55.115032196045, -1.5066432952881
 55.113430023193, -1.5058994293213
 55.101985931396, -1.4978313446045
 55.086822509766, -1.4819812774658
 55.086822509766, -1.4819812774658
 55.064125061035, -1.4628982543945
 55.062713623047, -1.4580059051514
 55.060482025146, -1.4565181732178
 55.058765411377, -1.4552593231201
 55.05687713623, -1.4546871185303
 55.055675506592, -1.453685760498
 55.053424835205, -1.4522838592529
 55.051918029785, -1.4513683319092
 55.050430297852, -1.4507961273193
 55.047855377197, -1.4484214782715
 55.046863555908, -1.4469337463379
 55.046367645264, -1.4443588256836
 55.044250488281, -1.4403247833252
 55.042495727539, -1.4376354217529
 55.04150390625, -1.4346885681152
 55.040855407715, -1.4326000213623
 55.038261413574, -1.4324283599854
 55.037536621094, -1.4331150054932
 55.036697387695, -1.4324283599854
 55.036697387695, -1.4324283599854
 55.036697387695, -1.4324283599854
 55.032958984375, -1.4396953582764
 55.031681060791, -1.4398384094238
 55.03023147583, -1.4388370513916
 55.027313232422, -1.4368343353271
 55.024795532227, -1.4346313476562
 55.022640228271, -1.4345455169678
 55.02067565918, -1.4323997497559
 55.019226074219, -1.4297962188721
 55.017738342285, -1.4253616333008
 55.017795562744, -1.4218425750732
 55.017471313477, -1.4231300354004
 55.017471313477, -1.4231300354004
 55.015029907227, -1.4295387268066
 55.014057159424, -1.4332866668701
 55.01350402832, -1.4366054534912
 55.01256942749, -1.4398956298828
 55.012092590332, -1.4418411254883
 55.010986328125, -1.4475059509277
 55.009822845459, -1.4510822296143
 55.009384155273, -1.4524841308594
 55.008087158203, -1.4575481414795
 55.008449554443, -1.4609527587891
 55.007247924805, -1.4640140533447
 55.006217956543, -1.4671039581299
 55.004425048828, -1.4707374572754
 55.003471374512, -1.473970413208
 55.002136230469, -1.4764308929443
 54.999179840088, -1.486759185791
 54.998397827148, -1.492280960083
 54.997062683105, -1.4980888366699
 54.996299743652, -1.5035533905029
 54.996147155762, -1.5076160430908
 54.99568939209, -1.5109062194824
 54.995594024658, -1.514310836792
 54.994316101074, -1.5181732177734
 54.994258880615, -1.5184879302979
 54.99397277832, -1.5187168121338
 54.994010925293, -1.5186882019043
 54.99397277832, -1.5186882019043
 54.993953704834, -1.5186595916748
 54.993953704834, -1.5186882019043
 54.993953704834, -1.5186595916748
 54.993953704834, -1.5186595916748
 54.993953704834, -1.5186595916748
 54.994297027588, -1.519660949707
 54.994316101074, -1.519660949707
 54.994564056396, -1.5182304382324
 54.993057250977, -1.519832611084
 54.992561340332, -1.5223789215088
 54.992237091064, -1.5253829956055
 54.991855621338, -1.5283298492432
 54.991493225098, -1.5318489074707
 54.991149902344, -1.5336799621582
 54.992923736572, -1.5354251861572
 54.995536804199, -1.5384006500244
 54.997577667236, -1.5418338775635
 54.99942779541, -1.5439224243164
 54.996471405029, -1.5578269958496
 54.99137878418, -1.5829181671143
 54.985046386719, -1.596851348877
 54.984302520752, -1.5975379943848
 54.982299804688, -1.5995121002197
 54.980278015137, -1.6008567810059
 54.978866577148, -1.5991687774658
 54.976692199707, -1.5987682342529
 54.975509643555, -1.5995979309082
 54.974403381348, -1.5999126434326
 54.974384307861, -1.6018581390381
 54.974403381348, -1.6046333312988
 54.975776672363, -1.6088104248047
 54.976444244385, -1.6109275817871
 54.976100921631, -1.6129302978516
 54.975643157959, -1.6127586364746
 54.975643157959, -1.6127586364746
 54.975700378418, -1.6126728057861
 54.974536895752, -1.6122722625732
 54.974002838135, -1.615047454834
 54.974346160889, -1.6172218322754
 54.975433349609, -1.6167068481445
 54.976596832275, -1.6153621673584
 54.977550506592, -1.6145038604736
 54.978923797607, -1.613302230835
 54.979228973389, -1.6128158569336
 54.979953765869, -1.6134738922119
 54.981117248535, -1.6153907775879
 54.979953765869, -1.6170501708984
 54.97859954834, -1.6179084777832
 54.977931976318, -1.6197109222412
 54.979152679443, -1.6215419769287
 54.980716705322, -1.6239166259766
 54.982204437256, -1.6263484954834
 54.983673095703, -1.6287517547607
 54.983615875244, -1.6306114196777
 54.982967376709, -1.6336441040039
 54.981784820557, -1.6354751586914
 54.980926513672, -1.635103225708
 54.978580474854, -1.6311550140381
 54.976959228516, -1.6280651092529
 54.9755859375, -1.6256332397461
 54.974212646484, -1.6217422485352
 54.973087310791, -1.6216278076172
 54.973564147949, -1.6209697723389
 54.973106384277, -1.6194248199463
 54.971599578857, -1.6209411621094
 54.970779418945, -1.6225719451904
 54.968433380127, -1.6221714019775
 54.968509674072, -1.6202545166016
 54.968967437744, -1.6199111938477
 54.969882965088, -1.6193103790283
 54.971904754639, -1.616735458374
 54.971561431885, -1.6156482696533
 54.972457885742, -1.6141319274902
 54.972591400146, -1.6124153137207
 54.972438812256, -1.6123294830322
 54.971122741699, -1.6108417510986
 54.970016479492, -1.6119575500488
 54.969673156738, -1.611499786377
 54.969253540039, -1.6089248657227
 54.968509674072, -1.6082668304443
 54.967212677002, -1.6074371337891
 54.966850280762, -1.605806350708
 54.968376159668, -1.6012859344482
 54.968795776367, -1.5992832183838
 54.968795776367, -1.5992546081543
 54.968795776367, -1.5992832183838
 54.968795776367, -1.5993118286133
 54.968319674437, -1.6063677583383
 54.968319674437, -1.6063677583383
 54.968795776367, -1.5993118286133
 54.96813619396, -1.6033792976102
 54.96813619396, -1.6033792976102
 54.968776702881, -1.5992832183838
 54.968776702881, -1.5992832183838
 54.968776702881, -1.5992832183838
 54.968776702881, -1.5992832183838
 54.968795776367, -1.5992832183838
 54.968795776367, -1.5992832183838
