 50.908126831055, -1.4046478271484
 50.910911560059, -1.4047908782959
 50.914058685303, -1.4021587371826
 50.915813446045, -1.402702331543
 50.917491912842, -1.4033603668213
 50.919418334961, -1.4041900634766
 50.920848846436, -1.4047622680664
 50.923233032227, -1.4052486419678
 50.925140380859, -1.4054203033447
 50.936279296875, -1.4053630828857
 50.939311981201, -1.3807010650635
 50.95100402832, -1.3683128356934
 50.951099395752, -1.3620185852051
 50.950832366943, -1.3616180419922
 50.950813293457, -1.3616180419922
 50.950946807861, -1.3616752624512
 50.950927734375, -1.3617324829102
 50.951099395752, -1.3617897033691
 50.95100402832, -1.3617610931396
 50.948314666748, -1.36399269104
 50.941524505615, -1.3730907440186
 50.936870574951, -1.3546657562256
 50.933933258057, -1.3485431671143
 50.933818817139, -1.3486289978027
 50.933818817139, -1.3485717773438
 50.950966, -1.356468
 50.950966, -1.356468
 50.950966, -1.356468
 50.950966, -1.356468
 50.950966, -1.356468
 50.950966, -1.356468
 50.950966, -1.356468
 50.950966, -1.356468
 50.950966, -1.356468
 50.923317, -1.380292
 50.79052, -1.492282
 50.733227, -1.539091
 50.701218, -1.564428
 50.647964, -1.610546
 50.561115, -1.682868
 50.493778, -1.737286
 50.411011, -1.806972
 50.346382, -1.859699
 50.278381, -1.915836
 50.202156, -1.979679
 50.105896, -2.058168
 49.955605, -2.178074
 49.890968, -2.230114
 49.830135, -2.279898
 49.721844, -2.367771
 49.61084, -2.458578
 49.525482, -2.527879
 49.434757, -2.601185
 49.434757, -2.601185
 49.434757, -2.601185
 49.434757, -2.601185
 49.434757, -2.601185
 49.434757, -2.601185
 49.434757, -2.601185
 49.434757, -2.601185
 49.434757, -2.601185
 49.434757, -2.601185
 49.434757, -2.601185
 49.434757, -2.601185
 49.434757, -2.601185
 49.434757, -2.601185
 49.454350742603, -2.5338623845267
 49.454350742603, -2.5338623845267
 49.454350742603, -2.5338623845267
 49.454971455979, -2.5337556380765
 49.455572021606, -2.5356866513502
 49.45438, -2.53519
 49.452827267761, -2.5352944729246
 49.449303432963, -2.5345183548994
 49.449303432963, -2.5345183548994
 49.452600614179, -2.5355972466129
 49.4528962, -2.5354729
 49.4544667, -2.5357982
 49.455623385587, -2.5356230515121
 49.455623385587, -2.5356230515121
 49.457773676835, -2.5346717191032
 49.458544553249, -2.5340651299092
 49.458212905284, -2.5345137447669
 49.457627655337, -2.5354922313954
 49.456609326671, -2.5360139333994
 49.455692275726, -2.5362266954707
 49.455055647527, -2.5359306844856
 49.456180460579, -2.5354622790801
 49.455711, -2.5336
 49.45434, -2.5338512
 49.45434, -2.5338512
 49.45434, -2.5338512
 49.45434, -2.5338512
 49.45434, -2.5338512
 49.45434, -2.5338512
 49.450239418778, -2.5355891061348
 49.450239418778, -2.5355891061348
 49.450239418778, -2.5355891061348
 49.450239418778, -2.5355891061348
 49.450239418778, -2.5355891061348
 49.450239418778, -2.5355891061348
 49.450239418778, -2.5355891061348
 49.4526138, -2.5341054
 49.4538887, -2.5292381
 49.4549038, -2.5241606
 49.453357230266, -2.5289857121877
 49.452595260439, -2.5355893879171
 49.452595260439, -2.5355893879171
 49.452595260439, -2.5355893879171
 49.435093, -2.60067
 49.435093, -2.60067
 49.435093, -2.60067
 49.435093, -2.60067
 49.435093, -2.60067
 49.435093, -2.60067
 49.435093, -2.60067
 49.435093, -2.60067
 49.435093, -2.60067
 49.435093, -2.60067
 49.435093, -2.60067
 49.435093, -2.60067
 49.435093, -2.60067
 49.435093, -2.60067
 49.435093, -2.60067
 49.435093, -2.60067
 49.435093, -2.60067
 49.418537, -2.571036
 49.356052, -2.459485
 49.229244, -2.234015
 49.209389, -2.198669
 49.276447, -2.318089
 49.325947, -2.405733
 49.284966, -2.333187
 49.207054, -2.194519
 49.207054, -2.194519
 49.207054, -2.194519
 49.207054, -2.194519
 49.207054, -2.194519
 49.207054, -2.194519
 49.207054, -2.194519
 49.207054, -2.194519
 49.207054, -2.194519
 49.207054, -2.194519
 49.207054, -2.194519
 49.197275663382, -2.1455483491342
 49.197026738299, -2.1447335734009
 49.196758248727, -2.1384074374995
 49.196651144674, -2.1374977935131
 49.196301784242, -2.135795356951
 49.194364926244, -2.1292458999864
 49.193238909835, -2.1268919462491
 49.193238909835, -2.1268919462491
 49.193238909835, -2.1268919462491
 49.18747442121, -2.1172678652607
 49.186109262685, -2.1162590047482
 49.182971361425, -2.1146186716645
 49.183609, -2.11243
 49.182536208521, -2.1094233292912
 49.182104838754, -2.1084252257938
 49.182104838754, -2.1084252257938
 49.182104838754, -2.1084252257938
 49.182104838754, -2.1084252257938
 49.182104838754, -2.1084252257938
 49.182104838754, -2.1084252257938
 49.182104838754, -2.1084252257938
 49.182104838754, -2.1084252257938
 49.182104838754, -2.1084252257938
 49.182104838754, -2.1084252257938
 49.182104838754, -2.1084252257938
 49.182278716175, -2.1080542339972
 49.184052367203, -2.1108667421474
 49.183712840075, -2.1119970362543
 49.183788, -2.11347
 49.18544, -2.11428
 49.19049537152, -2.122151498257
 49.19049537152, -2.122151498257
 49.19049537152, -2.122151498257
 49.19049537152, -2.122151498257
 49.207169, -2.195721
 49.207169, -2.195721
 49.207169, -2.195721
 49.207169, -2.195721
 49.207169, -2.195721
 49.207169, -2.195721
 49.207169, -2.195721
 49.207169, -2.195721
 49.207169, -2.195721
 49.207169, -2.195721
 49.207169, -2.195721
 49.207169, -2.195721
 49.207169, -2.195721
 49.207169, -2.195721
 49.207169, -2.195721
 49.207169, -2.195721
 49.207169, -2.195721
 49.207169, -2.195721
 49.269821, -2.164766
 49.341568, -2.130289
 49.437439, -2.085745
 49.533298, -2.039344
 49.645557, -1.987604
 49.645557, -1.987604
 49.794949, -1.917348
 49.924904, -1.854951
 49.924904, -1.854951
 50.040577, -1.798283
 50.162148, -1.740662
 50.266972, -1.690811
 50.266972, -1.690811
 50.370914, -1.641012
 50.460098, -1.596692
 50.573357, -1.540403
 50.657612, -1.499549
 50.828377, -1.416647
 50.828377, -1.416647
 50.950813293457, -1.3610458374023
 50.95085144043, -1.3618183135986
 50.950946807861, -1.3618183135986
 50.950946807861, -1.3617897033691
 50.951099395752, -1.3618755340576
 50.951023101807, -1.3618469238281
 50.951061248779, -1.3619327545166
 50.951080322266, -1.3618183135986
 50.950965881348, -1.3619041442871
 50.950965881348, -1.3617897033691
 50.950908660889, -1.3618755340576
 50.950946807861, -1.3618469238281
 50.950927734375, -1.3618469238281
 50.950984954834, -1.362190246582
 50.948390960693, -1.3673400878906
 50.935764312744, -1.3443374633789
 50.908508300781, -1.3179588317871
 50.890293121338, -1.3026237487793
 50.879421234131, -1.276330947876
 50.87215423584, -1.2450885772705
 50.867748260498, -1.2126445770264
 50.866413116455, -1.1795711517334
 50.858898162842, -1.1581134796143
 50.853309631348, -1.1692714691162
 50.853252410889, -1.1693859100342
 50.853252410889, -1.1694717407227
 50.852279663086, -1.1719608306885
 50.852203369141, -1.1741352081299
 50.852298736572, -1.1758232116699
 50.85241317749, -1.1776828765869
 50.852508544922, -1.1800861358643
 50.850849151611, -1.1776256561279
 50.848217010498, -1.1805725097656
 50.847854614258, -1.1808586120605
 50.847511291504, -1.1812019348145
 50.847225189209, -1.1815738677979
 50.846099853516, -1.1824607849121
 50.844078063965, -1.1834907531738
 50.842418670654, -1.1828327178955
 50.841178894043, -1.1820602416992
 50.838527679443, -1.1806869506836
 50.834217071533, -1.1753940582275
 50.831546783447, -1.1712455749512
 50.830459594727, -1.1695289611816
 50.825748443604, -1.1650371551514
 50.825042724609, -1.1650085449219
 50.824375152588, -1.1648941040039
 50.802021026611, -1.1597442626953
 50.794143676758, -1.1614608764648
 50.794086456299, -1.1597442626953
 50.79381942749, -1.1568832397461
 50.793533325195, -1.1550521850586
 50.793285369873, -1.1526775360107
 50.793018341064, -1.1507034301758
 50.792217254639, -1.1458110809326
 50.792350769043, -1.1422061920166
 50.792255401611, -1.1373996734619
 50.79439163208, -1.1307907104492
 50.794925689697, -1.1290168762207
 50.794929243434, -1.116101804349
 50.795344686446, -1.1157510120795
 50.796093594467, -1.11435155958
 50.797442058392, -1.1116219256816
 50.855083465576, -1.115026473999
 50.838737487793, -1.0846138000488
 50.802421569824, -1.0924530029297
 50.799751281738, -1.1030101776123
 50.798492431641, -1.1069011688232
 50.799045562744, -1.1069869995117
 50.799884796143, -1.0988903045654
 50.799922943115, -1.0969734191895
 50.800189971924, -1.0934257507324
 50.799674987793, -1.0908508300781
 50.797634124756, -1.0899066925049
 50.795459747314, -1.0941982269287
 50.794734954834, -1.0954284667969
 50.792675018311, -1.0960865020752
 50.791873931885, -1.0958290100098
 50.791873931885, -1.0958290100098
 50.791873931885, -1.0958290100098
