 53.264247256295, -4.089679505726
 53.264247256295, -4.089679505726
 53.264247256295, -4.089679505726
 53.263683204497, -4.0912483081181
 53.262901306152, -4.0909767150879
 53.262939453125, -4.0910053253174
 53.262901306152, -4.0909767150879
 53.262882232666, -4.0910053253174
 53.262114857048, -4.0901474634437
 53.262114857048, -4.0901474634437
 53.262114857048, -4.0901474634437
 53.261150428248, -4.0889737666092
 53.253786639827, -4.098956106186
 53.253786639827, -4.098956106186
 53.242513992406, -4.1275614484948
 53.242513992406, -4.1275614484948
 53.225668504913, -4.1577047124332
 53.225668504913, -4.1577047124332
 53.229026794434, -4.1601848602295
 53.229026794434, -4.1601848602295
 53.229026794434, -4.1601848602295
 53.22535521658, -4.1591669720207
 53.22535521658, -4.1591669720207
 53.225559489145, -4.1598250235424
 53.225434145145, -4.1622809948258
 53.224382296013, -4.163480119912
 53.225402832031, -4.1768646240234
 53.217849731445, -4.1882514953613
 53.207969665527, -4.1724300384521
 53.214530944824, -4.1635322570801
 53.21870803833, -4.16015625
 53.217010498047, -4.1612720489502
 53.212966918945, -4.1658210754395
 53.204021453857, -4.1695690155029
 53.201713562012, -4.1383838653564
 53.19953918457, -4.1226482391357
 53.21741104126, -4.070463180542
 53.225116729736, -4.0535259246826
 53.230247497559, -4.0349006652832
 53.230247497559, -4.0349006652832
 53.265819549561, -3.9556789398193
 53.276119232178, -3.9102745056152
 53.288097381592, -3.8836097717285
 53.289127349854, -3.8530540466309
 53.285636901855, -3.8483619689941
 53.285636901855, -3.8483619689941
 53.283309936523, -3.8346576690674
 53.282070159912, -3.8330268859863
 53.281440734863, -3.8318538665771
 53.282489776611, -3.8294506072998
 53.280563354492, -3.8266468048096
 53.280487060547, -3.8248157501221
 53.281326293945, -3.821439743042
 53.28369140625, -3.816089630127
 53.28556060791, -3.8154029846191
 53.286762237549, -3.8191223144531
 53.287181854248, -3.819465637207
 53.289070129395, -3.8216686248779
 53.291606903076, -3.8256740570068
 53.292446136475, -3.826961517334
 53.292999267578, -3.8279056549072
 53.294200897217, -3.8309097290039
 53.29475402832, -3.8329696655273
 53.295402526855, -3.8348293304443
 53.296871185303, -3.8358020782471
 53.298397064209, -3.8358020782471
 53.298397064209, -3.8358020782471
 53.300971984863, -3.8358879089355
 53.303546905518, -3.8350582122803
 53.304538726807, -3.8340282440186
 53.306579589844, -3.8316249847412
 53.307514190674, -3.8309383392334
 53.310031890869, -3.8315677642822
 53.31184387207, -3.8320827484131
 53.313369750977, -3.8344860076904
 53.31485748291, -3.8360023498535
 53.317394256592, -3.8399791717529
 53.319339752197, -3.8422107696533
 53.320713043213, -3.8426113128662
 53.322849273682, -3.8380908966064
 53.323593139648, -3.8363170623779
 53.324356079102, -3.8347721099854
 53.327178955078, -3.8311958312988
 53.327503204346, -3.8315391540527
 53.328285217285, -3.8355159759521
 53.330497741699, -3.8437557220459
 53.332443237305, -3.8558864593506
 53.332443237305, -3.8559150695801
 53.332424163818, -3.8559150695801
 53.3256656, -3.8316748
 53.3256656, -3.8316748
 53.3256656, -3.8316748
 53.3256656, -3.8316748
 53.3256656, -3.8316748
 53.332879691313, -3.852984148939
 53.332879691313, -3.852984148939
 53.332879691313, -3.852984148939
 53.332879691313, -3.852984148939
 53.332879691313, -3.852984148939
 53.332879691313, -3.852984148939
 53.332879691313, -3.852984148939
 53.331887880636, -3.8463932329987
 53.330668271375, -3.8381192723879
 53.33016209919, -3.8345634873644
 53.330048812212, -3.8346038481478
 53.330579089092, -3.8381596331713
 53.331786649574, -3.8464295577039
 53.332778462604, -3.8530446901142
 53.33251953125, -3.8558292388916
 53.332595825195, -3.8548851013184
 53.332538604736, -3.8548851013184
 53.332538604736, -3.8548851013184
 53.332538604736, -3.8548851013184
 53.33251953125, -3.8548851013184
 53.332500457764, -3.8548564910889
 53.330764770508, -3.8459300994873
 53.327884674072, -3.8342571258545
 53.32576751709, -3.8315391540527
 53.325271606445, -3.8290786743164
 53.324146270752, -3.8264465332031
 53.323230743408, -3.8232421875
 53.323230743408, -3.8232421875
 53.323230743408, -3.8232421875
 53.323230743408, -3.8232421875
 53.323230743408, -3.8232421875
 53.3236249, -3.7926802
 53.3236956, -3.789482
 53.323097229004, -3.7984085083008
 53.323593139648, -3.7934589385986
 53.32368850708, -3.7892246246338
 53.32368850708, -3.7892246246338
 53.317451477051, -3.7760639190674
 53.316116333008, -3.7742900848389
 53.314094543457, -3.7684535980225
 53.312530517578, -3.7650203704834
 53.312034606934, -3.7638187408447
 53.310222625732, -3.759298324585
 53.310222625732, -3.759298324585
 53.310222625732, -3.759298324585
 53.310222625732, -3.759298324585
 53.310222625732, -3.759298324585
 53.302027886498, -3.7431067359334
 53.300252037314, -3.7415878726167
 53.2994802, -3.7386368
 53.298804, -3.7371
 53.2972843, -3.7334399
 53.297863006592, -3.7344360351562
 53.296527862549, -3.731689453125
 53.294467926025, -3.7265682220459
 53.292694091797, -3.7229633331299
 53.290939331055, -3.7210178375244
 53.289833068848, -3.7197303771973
 53.289527893066, -3.7177562713623
 53.289527893066, -3.7177562713623
 53.289527893066, -3.7177562713623
 53.289527893066, -3.7177562713623
 53.289861020818, -3.7143573448173
 53.289861020818, -3.7143573448173
 53.289861020818, -3.7143573448173
 53.289861020818, -3.7143573448173
 53.289861020818, -3.7143573448173
 53.289861020818, -3.7143573448173
 53.289861020818, -3.7143573448173
 53.289861020818, -3.7143573448173
 53.289861020818, -3.7143573448173
 53.289861020818, -3.7143573448173
 53.289861020818, -3.7143573448173
 53.289861020818, -3.7143573448173
 53.289861020818, -3.7143573448173
 53.289861020818, -3.7143573448173
 53.289861020818, -3.7143573448173
 53.289861020818, -3.7143573448173
 53.289861020818, -3.7143573448173
 53.289861020818, -3.7143573448173
 53.289861020818, -3.7143573448173
 53.289861020818, -3.7143573448173
 53.289861020818, -3.7143573448173
 53.289861020818, -3.7143573448173
 53.289861020818, -3.7143573448173
 53.289861020818, -3.7143573448173
 53.289861020818, -3.7143573448173
 53.289861020818, -3.7143573448173
 53.289861020818, -3.7143573448173
 53.289861020818, -3.7143573448173
 53.288745880127, -3.7172698974609
 53.288917541504, -3.7121486663818
 53.288917541504, -3.7121486663818
 53.288917541504, -3.7121486663818
 53.288917541504, -3.7121486663818
 53.288917541504, -3.7121486663818
 53.290167263004, -3.7027215349184
 53.289279937744, -3.6882591247559
 53.290634155273, -3.6738395690918
 53.290557861328, -3.6453437805176
 53.288440704346, -3.6270618438721
 53.287143707275, -3.5983657836914
 53.284873962402, -3.5936164855957
 53.284854888916, -3.588752746582
 53.284893035889, -3.5859775543213
 53.28441619873, -3.5826301574707
 53.28556060791, -3.5822868347168
 53.28706741333, -3.5829162597656
 53.288974761963, -3.581714630127
 53.292217254639, -3.5820293426514
 53.294048309326, -3.581600189209
 53.295059204102, -3.5767936706543
 53.295650482178, -3.574390411377
 53.296604156494, -3.570384979248
 53.297233581543, -3.5676670074463
 53.297843933105, -3.5648918151855
 53.298397064209, -3.5616874694824
 53.298797607422, -3.5592269897461
 53.299427032471, -3.5552787780762
 53.300037384033, -3.5524463653564
 53.300037384033, -3.5472106933594
 53.300876617432, -3.5434055328369
 53.302021026611, -3.5407161712646
 53.303127288818, -3.5379409790039
 53.304309844971, -3.5351085662842
 53.305358886719, -3.5325050354004
 53.30638885498, -3.530445098877
 53.307628631592, -3.5293006896973
 53.308048248291, -3.5261535644531
 53.309078216553, -3.5235786437988
 53.310394287109, -3.5204029083252
 53.311576843262, -3.5173416137695
 53.312816619873, -3.5140514373779
 53.312950134277, -3.5113048553467
 53.313388824463, -3.5080432891846
 53.313655853271, -3.5056400299072
 53.314418792725, -3.5016345977783
 53.315029144287, -3.4996891021729
 53.315982818604, -3.4978008270264
 53.316898345947, -3.4961986541748
 53.31787109375, -3.4943389892578
 53.318824768066, -3.4927082061768
 53.319931030273, -3.4906768798828
 53.320446014404, -3.4897041320801
 53.319053649902, -3.4876728057861
 53.317356109619, -3.4830665588379
 53.316383361816, -3.4796905517578
 53.315105438232, -3.4757995605469
 53.313140869141, -3.4727668762207
 53.311290740967, -3.4722518920898
 53.30982208252, -3.4710788726807
 53.308048248291, -3.4695911407471
 53.305912017822, -3.4685897827148
 53.304691314697, -3.4671878814697
 53.301315307617, -3.4645843505859
 53.29662322998, -3.4594917297363
 53.294620513916, -3.4593772888184
 53.294162750244, -3.460750579834
 53.292922973633, -3.4632110595703
 53.292427062988, -3.4640121459961
 53.291664123535, -3.4652709960938
 53.289375305176, -3.4693908691406
 53.288269042969, -3.4705352783203
 53.287696838379, -3.4714508056641
 53.280487060547, -3.466157913208
 53.262310028076, -3.4536552429199
 53.262977600098, -3.422327041626
 53.262214660645, -3.3867073059082
 53.2692527771, -3.3785820007324
 53.271675109863, -3.3242225646973
 53.274917602539, -3.2844257354736
 53.26847076416, -3.2435703277588
 53.253555297852, -3.2082366943359
 53.233947753906, -3.1789970397949
 53.2177734375, -3.1447505950928
 53.207454681396, -3.1305885314941
 53.208293914795, -3.1102466583252
 53.210391998291, -3.081636428833
 53.210945129395, -3.0753421783447
 53.21174621582, -3.0712223052979
 53.212013244629, -3.0686187744141
 53.212490081787, -3.0648422241211
 53.213291168213, -3.0612945556641
 53.213958740234, -3.0580043792725
 53.214473724365, -3.0546283721924
 53.216419219971, -3.050479888916
 53.215198516846, -3.0474185943604
 53.213863372803, -3.0437564849854
 53.212604522705, -3.0405807495117
 53.211231231689, -3.0373191833496
 53.209800720215, -3.0342578887939
 53.20858001709, -3.0310821533203
 53.207836151123, -3.0294227600098
 53.207473754883, -3.0279064178467
 53.208312988281, -3.0283355712891
 53.208675384521, -3.0273342132568
 53.208599090576, -3.0274486541748
 53.208675384521, -3.0272769927979
 53.208656311035, -3.0273056030273
 53.208599090576, -3.0273628234863
 53.208599090576, -3.0271339416504
 53.208599090576, -3.0271339416504
 53.208599090576, -3.0271339416504
 53.206920623779, -3.026819229126
 53.197841644287, -3.0261325836182
 53.19616317749, -3.0263328552246
 53.195190429688, -3.0264186859131
 53.193264007568, -3.0266189575195
 53.191814422607, -3.0267906188965
 53.189086914062, -3.0270767211914
 53.186988830566, -3.0277347564697
 53.1862449646, -3.0279350280762
 53.1862449646, -3.0279350280762
 53.1862449646, -3.0279350280762
 53.1862449646, -3.0279350280762
 53.180828094482, -3.0110836029053
 53.170394897461, -2.9928588867188
 53.171291351318, -2.9730033874512
 53.175144195557, -2.948112487793
 53.17569732666, -2.9443645477295
 53.176231384277, -2.9411602020264
 53.176727294922, -2.9378986358643
 53.177013397217, -2.9360103607178
 53.177394866943, -2.9335498809814
 53.177814483643, -2.9308319091797
 53.178443908691, -2.9267120361328
 53.179054260254, -2.9227352142334
 53.179759979248, -2.9181575775146
 53.179340362549, -2.9150390625
 53.178520202637, -2.9120635986328
 53.17892074585, -2.9069423675537
 53.179264068604, -2.9029369354248
 53.179721832275, -2.8994750976562
 53.180313110352, -2.8960418701172
 53.180809020996, -2.8932094573975
 53.181476593018, -2.8908634185791
 53.182544708252, -2.8890609741211
 53.184261322021, -2.8877449035645
 53.186187744141, -2.889289855957
 53.186206817627, -2.8892612457275
 53.18675994873, -2.8898620605469
 53.189373016357, -2.887659072876
 53.189468383789, -2.8875732421875
 53.18962097168, -2.8876876831055
 53.190841674805, -2.8891754150391
 53.190841674805, -2.8896903991699
 53.191204071045, -2.8920078277588
 53.190078735352, -2.8933238983154
 53.189296722412, -2.8974151611328
 53.189601898193, -2.8987884521484
 53.189659118652, -2.8988170623779
 53.189002588085, -2.8991402834769
 53.188768636825, -2.8984892498428
 53.188022258842, -2.8975627675655
 53.187299609595, -2.8967499266336
 53.190574645996, -2.9008483886719
 53.195476531982, -2.9098320007324
 53.200492858887, -2.9053115844727
