 54.967880249023, -1.6031742095947
 54.968147277832, -1.6023445129395
 54.968090057373, -1.6023731231689
 54.968090057373, -1.6024017333984
 54.968090057373, -1.6024017333984
 54.968109130859, -1.6022872924805
 54.968109130859, -1.6022872924805
 54.968109130859, -1.6022872924805
 54.968109130859, -1.6022872924805
 54.968038, -1.602236
 54.968038, -1.602236
 54.968038, -1.602236
 54.968038, -1.602236
 54.968038, -1.602236
 54.968038, -1.602236
 54.968038, -1.602236
 54.968038, -1.602236
 54.968038, -1.602236
 54.968038, -1.602236
 54.968038, -1.602236
 54.968090057373, -1.60231590271
 54.967784881592, -1.6035747528076
 54.966812133789, -1.6058921813965
 54.966773986816, -1.6034030914307
 54.965801239014, -1.6017150878906
 54.96488571167, -1.6009140014648
 54.963626861572, -1.5991973876953
 54.962215423584, -1.5981960296631
 54.962692260742, -1.5937042236328
 54.962825775146, -1.5909576416016
 54.961605072021, -1.5884971618652
 54.960956573486, -1.5850925445557
 54.960155487061, -1.5819454193115
 54.959831237793, -1.5810585021973
 54.959812164307, -1.5810298919678
 54.959774017334, -1.5810298919678
 54.9587059021, -1.5778541564941
 54.952259063721, -1.554651260376
 54.946746826172, -1.5276718139648
 54.952716827393, -1.505126953125
 54.9635887146, -1.4794921875
 54.971408843994, -1.4598369598389
 54.978981018066, -1.4445018768311
 54.988708496094, -1.4363479614258
 54.993953704834, -1.4320850372314
 54.995307922363, -1.4296817779541
 54.996452331543, -1.4282512664795
 54.998455047607, -1.4294242858887
 54.999618530273, -1.4283657073975
 55.000095367432, -1.4259624481201
 55.000495910645, -1.4244174957275
 55.001277923584, -1.4186382293701
 54.999732971191, -1.415548324585
 54.998226165771, -1.4132022857666
 54.996280670166, -1.4101696014404
 54.994888305664, -1.4109706878662
 54.993209838867, -1.4105701446533
 54.991436004639, -1.4088821411133
 54.990463256836, -1.4075946807861
 54.990043640137, -1.4070224761963
 54.989204406738, -1.4050769805908
 54.989185333252, -1.4050483703613
 54.986686706543, -1.3986682891846
 54.978561401367, -1.3810729980469
 54.970111846924, -1.3657379150391
 54.968795776367, -1.3655090332031
 54.966621398926, -1.3658809661865
 54.964027404785, -1.3663387298584
 54.961566925049, -1.3662815093994
 54.959487915039, -1.3659954071045
 54.957370758057, -1.3657093048096
 54.954700469971, -1.3646507263184
 54.952869415283, -1.364278793335
 54.950847625732, -1.3644218444824
 54.949588775635, -1.3643360137939
 54.947929382324, -1.3643932342529
 54.947147369385, -1.3645362854004
 54.945545196533, -1.3648796081543
 54.943962097168, -1.3655948638916
 54.942073822021, -1.3660526275635
 54.939289093018, -1.3673686981201
 54.936771392822, -1.3687133789062
 54.934616088867, -1.3685131072998
 54.932727813721, -1.367883682251
 54.931011199951, -1.3674831390381
 54.928455352783, -1.3674545288086
 54.927310943604, -1.3672828674316
 54.925746917725, -1.3667678833008
 54.923934936523, -1.3661670684814
 54.922008514404, -1.3656520843506
 54.92115020752, -1.3667392730713
 54.920444488525, -1.3681125640869
 54.918174743652, -1.3695430755615
 54.91641998291, -1.3706588745117
 54.914798736572, -1.3732624053955
 54.913654327393, -1.3740634918213
 54.912414550781, -1.3746643066406
 54.913234710693, -1.377010345459
 54.912033081055, -1.3796138763428
 54.911632537842, -1.3829326629639
 54.913902282715, -1.3827323913574
 54.915523529053, -1.3845634460449
 54.915294647217, -1.3861083984375
 54.914970397949, -1.3897705078125
 54.914989471436, -1.3898849487305
 54.913673400879, -1.3894557952881
 54.914207458496, -1.38427734375
 54.909648895264, -1.3828182220459
 54.908676147461, -1.3815307617188
 54.909000396729, -1.3788414001465
 54.908657073975, -1.3763236999512
 54.907875061035, -1.3778972625732
 54.907550811768, -1.3818454742432
 54.905223846436, -1.3813877105713
 54.90385055542, -1.3811016082764
 54.90198135376, -1.3813018798828
 54.901161193848, -1.3813304901123
 54.899711608887, -1.3837909698486
 54.901485443115, -1.3857078552246
 54.903011322021, -1.3893699645996
 54.904041290283, -1.3908004760742
 54.903373718262, -1.3938617706299
 54.902153015137, -1.3957786560059
 54.902400970459, -1.3979816436768
 54.902114868164, -1.4011859893799
 54.901390075684, -1.4043617248535
 54.900913238525, -1.4080238342285
 54.900188446045, -1.4108562469482
 54.89933013916, -1.4137744903564
 54.898490905762, -1.4163208007812
 54.897212982178, -1.4205837249756
 54.8952293396, -1.4278793334961
 54.890632629395, -1.4491081237793
 54.885635375977, -1.4718818664551
 54.881172180176, -1.4782333374023
 54.880065917969, -1.4789485931396
 54.880046844482, -1.4789485931396
 54.880065917969, -1.4789485931396
 54.880046844482, -1.4789485931396
 54.880046844482, -1.4789485931396
 54.880065917969, -1.4789772033691
 54.880065917969, -1.4789485931396
 54.880065917969, -1.4789485931396
 54.880104064941, -1.4788913726807
 54.879989624023, -1.4790916442871
 54.880123138428, -1.4787769317627
 54.880123138428, -1.4787769317627
 54.8801612854, -1.4788055419922
 54.8801612854, -1.4787197113037
 54.8801612854, -1.4786911010742
 54.880180358887, -1.4786624908447
 54.880180358887, -1.4786624908447
 54.880504608154, -1.479434967041
 54.878120422363, -1.4827537536621
 54.875812530518, -1.4859294891357
 54.874591827393, -1.4871597290039
 54.872951507568, -1.4883327484131
 54.871482849121, -1.4890766143799
 54.869537353516, -1.4918804168701
 54.868297576904, -1.4953422546387
 54.869918823242, -1.5035533905029
 54.879608154297, -1.5268421173096
 54.901123046875, -1.5384292602539
 54.905204772949, -1.5629482269287
 54.909858703613, -1.5788841247559
 54.914741516113, -1.5883255004883
 54.914836883545, -1.5883255004883
 54.914836883545, -1.5883255004883
 54.914855957031, -1.5883255004883
 54.914855957031, -1.5883255004883
 54.915237426758, -1.5884971618652
 54.916286468506, -1.5889549255371
 54.918384552002, -1.5901851654053
 54.919376373291, -1.5908145904541
 54.921398162842, -1.5925312042236
 54.92166519165, -1.5930461883545
 54.92166519165, -1.5930461883545
 54.918251037598, -1.6098403930664
 54.925556182861, -1.6263484954834
 54.936370849609, -1.6292381286621
 54.943618774414, -1.6325569152832
 54.959945678711, -1.6892623901367
 54.956321716309, -1.6926383972168
 54.957141876221, -1.6950988769531
 54.957218170166, -1.6940975189209
 54.957218170166, -1.6941547393799
 54.957218170166, -1.6941261291504
 54.957218170166, -1.6941261291504
 54.95719909668, -1.6941261291504
 54.95719909668, -1.6941833496094
 54.95719909668, -1.6941833496094
 54.95719909668, -1.6941833496094
 54.95719909668, -1.6941833496094
 54.957256317139, -1.6941547393799
 54.957218170166, -1.6942119598389
 54.957237243652, -1.6941833496094
 54.957237243652, -1.6941547393799
 54.957218170166, -1.6941547393799
 54.957218170166, -1.6941547393799
 54.957218170166, -1.6941547393799
 54.957218170166, -1.6941547393799
 54.957847232359, -1.6937756651098
 54.957847232359, -1.6937756651098
 54.957847232359, -1.6937756651098
 54.957847232359, -1.6937756651098
 54.957847232359, -1.6937756651098
 54.957847232359, -1.6937756651098
 54.957847232359, -1.6937756651098
 54.957847232359, -1.6937756651098
 54.957847232359, -1.6937756651098
 54.957847232359, -1.6937756651098
 54.957180023193, -1.6942691802979
 54.95719909668, -1.6948986053467
 54.957733154297, -1.6961860656738
 54.958190917969, -1.6987323760986
 54.958419799805, -1.7019653320312
 54.960308074951, -1.7054271697998
 54.961528778076, -1.706485748291
 54.962329864502, -1.7086315155029
 54.96337890625, -1.7112922668457
 54.964618682861, -1.713695526123
 54.965057373047, -1.7150115966797
 54.964084625244, -1.7363548278809
 54.966487884521, -1.7681121826172
 54.960079193115, -1.7980670928955
 54.959125518799, -1.8277931213379
 54.961261749268, -1.8430137634277
 54.961223602295, -1.8459033966064
 54.961338043213, -1.8485355377197
 54.961605072021, -1.8515110015869
 54.961261749268, -1.8535709381104
 54.960975646973, -1.8560600280762
 54.960422515869, -1.8576908111572
 54.959583282471, -1.8610095977783
 54.95813369751, -1.8649578094482
 54.957313537598, -1.8696784973145
 54.956436157227, -1.8734264373779
 54.949932098389, -1.8920803070068
 54.947547912598, -1.8966865539551
 54.946365356445, -1.8989181518555
 54.945468902588, -1.9005489349365
 54.945678710938, -1.9038105010986
 54.947853088379, -1.9074153900146
 54.948673248291, -1.9101905822754
 54.947376251221, -1.913366317749
 54.946594238281, -1.9158554077148
 54.945888519287, -1.9194030761719
 54.945087432861, -1.9241237640381
 54.948406219482, -1.9557094573975
 54.965667724609, -1.9632339477539
 54.969596862793, -1.9753932952881
 54.981937408447, -2.0295810699463
 54.980297088623, -2.0740413665771
 54.97932434082, -2.0932102203369
 54.977474212646, -2.0936679840088
 54.975833892822, -2.0947551727295
 54.974346160889, -2.0959568023682
 54.973068237305, -2.0952129364014
 54.971542358398, -2.0947551727295
 54.971008300781, -2.0963287353516
 54.971561431885, -2.0979881286621
 54.971618652344, -2.0979595184326
 54.971694946289, -2.0978736877441
 54.971809387207, -2.0974445343018
 54.971790313721, -2.0974731445312
 54.971542358398, -2.0972442626953
 54.970302581787, -2.0962429046631
 54.970245361328, -2.0953273773193
 54.969959259033, -2.0868015289307
 54.969673156738, -2.0813369750977
 54.969520568848, -2.0780754089355
 54.970169067383, -2.050724029541
 54.965114593506, -2.0254325866699
 54.959850311279, -1.9991397857666
 54.95059967041, -1.9833183288574
 54.950084686279, -1.9804859161377
 54.9485206604, -1.9744777679443
 54.9485206604, -1.9744777679443
 54.948234558105, -1.9658660888672
 54.948310852051, -1.9642639160156
 54.934959411621, -1.9676971435547
 54.925346374512, -1.9599437713623
 54.897842407227, -1.9438934326172
 54.884757995605, -1.9396018981934
 54.871368408203, -1.9411468505859
 54.86364364624, -1.9321346282959
 54.866428375244, -1.9070148468018
 54.871044158936, -1.8800926208496
 54.869403839111, -1.8608951568604
 54.869441986084, -1.8598365783691
 54.869689941406, -1.8591785430908
 54.868698120117, -1.8593788146973
 54.867572784424, -1.860179901123
 54.865760803223, -1.8607807159424
 54.86364364624, -1.8579769134521
 54.861660003662, -1.8546009063721
 54.860992431641, -1.8521118164062
 54.860954284668, -1.8506813049316
 54.860973358154, -1.8488788604736
 54.860744476318, -1.8439292907715
 54.86083984375, -1.8412399291992
 54.860877990723, -1.838493347168
 54.861621856689, -1.8343734741211
 54.861736297607, -1.8338584899902
 54.861507415771, -1.8313980102539
 54.86141204834, -1.8301963806152
 54.860000610352, -1.8268203735352
 54.858894348145, -1.8229866027832
 54.856796264648, -1.8192672729492
 54.850425720215, -1.8280792236328
 54.845905303955, -1.8467044830322
 54.84375, -1.8521690368652
 54.842662811279, -1.8571186065674
 54.840431213379, -1.8609237670898
 54.838275909424, -1.8653583526611
 54.83699798584, -1.8669891357422
 54.835777282715, -1.8690776824951
 54.834995269775, -1.8720531463623
 54.834537506104, -1.8753433227539
 54.833812713623, -1.8798637390137
 54.832630157471, -1.8788051605225
 54.831352233887, -1.8763732910156
 54.830703735352, -1.8748569488525
 54.821739196777, -1.8629550933838
 54.802799224854, -1.8575763702393
 54.784984588623, -1.8564033508301
 54.766483306885, -1.8498802185059
 54.753379821777, -1.8284511566162
 54.752445220947, -1.8256187438965
 54.751129150391, -1.8224143981934
 54.749717712402, -1.8193244934082
 54.748783111572, -1.8172931671143
 54.748458862305, -1.8155479431152
 54.749298095703, -1.8143749237061
 54.750308990479, -1.8127727508545
 54.750843048096, -1.8117713928223
 54.758033752441, -1.790714263916
 54.769382476807, -1.7618465423584
 54.778823852539, -1.7369842529297
 54.781951904297, -1.7228507995605
 54.787673950195, -1.7113494873047
 54.790992736816, -1.6983604431152
 54.790954589844, -1.6944980621338
 54.791164398193, -1.6914081573486
 54.791622161865, -1.686372756958
 54.791870117188, -1.6813087463379
 54.795188903809, -1.6706371307373
 54.797172546387, -1.6706657409668
 54.799213409424, -1.6706371307373
 54.800205230713, -1.6688346862793
 54.791502208585, -1.5939830130212
 54.789781639833, -1.5911237373197
 54.788757410796, -1.590398074735
 54.785850205445, -1.5876958361718
 54.785073586238, -1.5864250524699
 54.783522136404, -1.58585223598
 54.790439605713, -1.5957355499268
 54.791431427002, -1.5939331054688
 54.788990020752, -1.5904998779297
 54.784812927246, -1.5862655639648
 54.782695770264, -1.5857791900635
 54.780540466309, -1.5848350524902
 54.779739379883, -1.5846633911133
 54.779796600342, -1.5845775604248
 54.779720306396, -1.5846347808838
 54.779777526855, -1.5846633911133
 54.777336120605, -1.5813732147217
 54.776096343994, -1.5788555145264
 54.776802062988, -1.5755653381348
 54.777088165283, -1.5735054016113
 54.775485992432, -1.5718746185303
 54.774208068848, -1.567211151123
 54.773960113525, -1.5667819976807
