 54.215106964111, -5.8858394622803
 54.214611053467, -5.8863258361816
 54.21443939209, -5.88698387146
 54.211883544922, -5.8896732330322
 54.209594726562, -5.8909320831299
 54.206886291504, -5.8926200866699
 54.208278656006, -5.8947658538818
 54.210224151611, -5.8936500549316
 54.213314056396, -5.892448425293
 54.215030670166, -5.8903884887695
 54.216957092285, -5.8888721466064
 54.219093322754, -5.8875846862793
 54.220790863037, -5.8864688873291
 54.222850799561, -5.8846664428711
 54.224224090576, -5.8829498291016
 54.226093292236, -5.8808040618896
 54.228324890137, -5.877857208252
 54.228897094727, -5.8765983581543
 54.232139587402, -5.8693599700928
 54.238662719727, -5.8599185943604
 54.238662719727, -5.8599185943604
 54.238662719727, -5.8599185943604
 54.238662719727, -5.8599185943604
 54.238662719727, -5.8599185943604
 54.26149, -5.84007
 54.26286152997, -5.8391999919996
 54.29292, -5.83708
 54.292588910181, -5.8382196919389
 54.290084838867, -5.8364295959473
 54.292221069336, -5.8380031585693
 54.293155670166, -5.8361434936523
 54.295997619629, -5.8242416381836
 54.301643371582, -5.7919692993164
 54.302234649658, -5.7762050628662
 54.313793182373, -5.7359504699707
 54.322814941406, -5.7211875915527
 54.324626922607, -5.7198715209961
 54.326992034912, -5.7178974151611
 54.328804016113, -5.7158946990967
 54.330825805664, -5.7154083251953
 54.332656860352, -5.7159805297852
 54.334449768066, -5.718297958374
 54.345474243164, -5.7336616516113
 54.345474243164, -5.7336616516113
 54.345474243164, -5.7336616516113
 54.39001083374, -5.7532596588135
 54.391994476318, -5.7554340362549
 54.394130706787, -5.7579803466797
 54.395618438721, -5.7602977752686
 54.397678375244, -5.7631587982178
 54.40013885498, -5.7651615142822
 54.410724639893, -5.7759475708008
 54.432506561279, -5.8000087738037
 54.451465606689, -5.8220100402832
 54.452514648438, -5.8238124847412
 54.45484161377, -5.8258438110352
 54.457149505615, -5.8277606964111
 54.458599090576, -5.8288764953613
 54.460487365723, -5.8312225341797
 54.460277557373, -5.833854675293
 54.460163116455, -5.8353996276855
 54.458179473877, -5.8382034301758
 54.456844329834, -5.8400917053223
 54.455471038818, -5.8420944213867
 54.454822540283, -5.842981338501
 54.444351196289, -5.8563423156738
 54.433441162109, -5.8740234375
 54.42361831665, -5.8838653564453
 54.41104888916, -5.8949947357178
 54.410572052002, -5.8950519561768
 54.410572052002, -5.8950519561768
 54.410514831543, -5.8950519561768
 54.410495758057, -5.8950233459473
 54.410533905029, -5.8950519561768
 54.410552978516, -5.8950519561768
 54.410552978516, -5.8950519561768
 54.410552978516, -5.8950519561768
 54.410457611084, -5.8950519561768
 54.408473968506, -5.8954811096191
 54.406414031982, -5.8945083618164
 54.403114318848, -5.894079208374
 54.401798248291, -5.8960819244385
 54.403457641602, -5.8983135223389
 54.405345916748, -5.9014320373535
 54.406604766846, -5.9040355682373
 54.407768249512, -5.9051513671875
 54.408893585205, -5.9047794342041
 54.409694671631, -5.9044933319092
 54.410743713379, -5.9041786193848
 54.411640167236, -5.9038925170898
 54.413776397705, -5.9047794342041
 54.429187774658, -5.9278392791748
 54.447326660156, -5.9497261047363
 54.461803436279, -5.9606552124023
 54.476318359375, -5.9788227081299
 54.490585327148, -5.9996509552002
 54.500579833984, -6.0245704650879
 54.511375427246, -6.0187339782715
 54.530792236328, -6.0002517700195
 54.548664093018, -5.9957599639893
 54.56974029541, -5.9878921508789
 54.585723876953, -5.962028503418
 54.59924697876, -5.93994140625
 54.611415863037, -5.921459197998
 54.634590148926, -5.9196281433105
 54.656352996826, -5.9326171875
 54.669570922852, -5.9653472900391
 54.686756134033, -5.9937286376953
 54.699764251709, -6.033239364624
 54.708976745605, -6.0713195800781
 54.704971313477, -6.0890579223633
 54.704647064209, -6.0905456542969
 54.704093933105, -6.0929489135742
 54.704093933105, -6.0929489135742
 54.701843261719, -6.1000156402588
 54.701843261719, -6.1000156402588
 54.701843261719, -6.1000156402588
 54.698925018311, -6.1089992523193
 54.697513580322, -6.1346912384033
 54.701957702637, -6.1674213409424
 54.706649780273, -6.1951446533203
 54.713153839111, -6.2069320678711
 54.713363647461, -6.2096214294434
 54.713554382324, -6.2135410308838
 54.713840484619, -6.2160587310791
 54.715003967285, -6.2211227416992
 54.715538024902, -6.222095489502
 54.713325500488, -6.2241840362549
 54.713859558105, -6.2288761138916
 54.713802337646, -6.2289333343506
 54.71378326416, -6.2289333343506
 54.713821411133, -6.2289333343506
 54.713840484619, -6.2289047241211
 54.713802337646, -6.2289619445801
 54.713821411133, -6.2288761138916
 54.713821411133, -6.2288761138916
 54.713821411133, -6.2288761138916
 54.713821411133, -6.2288761138916
 54.713821411133, -6.2288761138916
 54.713912230396, -6.2231895738444
 54.713912230396, -6.2231895738444
 54.713912230396, -6.2231895738444
 54.713912230396, -6.2231895738444
 54.713912230396, -6.2231895738444
 54.713802337646, -6.2289333343506
 54.713840484619, -6.2289333343506
 54.713840484619, -6.2289047241211
 54.713840484619, -6.2289047241211
 54.713840484619, -6.2288761138916
 54.713878631592, -6.2289047241211
 54.713840484619, -6.2289047241211
 54.713878631592, -6.2288475036621
 54.713802337646, -6.2289619445801
 54.713840484619, -6.2287902832031
 54.713821411133, -6.2288475036621
 54.713802337646, -6.2288761138916
 54.713802337646, -6.2288761138916
 54.713840484619, -6.2288475036621
 54.713840484619, -6.2288761138916
 54.713840484619, -6.2288761138916
 54.713954925537, -6.2297058105469
 54.713897705078, -6.2296199798584
 54.713916778564, -6.2295913696289
 54.7141456604, -6.2315082550049
 54.715156555176, -6.2333679199219
 54.715156555176, -6.2333679199219
 54.715728759766, -6.2392044067383
 54.715785980225, -6.2392330169678
 54.709964768809, -6.5272016163268
 54.709964768809, -6.5272016163268
 54.709964768809, -6.5272016163268
 54.712236059099, -6.5262097778334
 54.712236059099, -6.5262097778334
 54.693558142372, -6.467042927983
 54.693558142372, -6.467042927983
 54.693558142372, -6.467042927983
 54.688039305065, -6.4357638555115
 54.688039305065, -6.4357638555115
 54.688039305065, -6.4357638555115
 54.683852100236, -6.4005337423067
 54.683852100236, -6.4005337423067
 54.683852100236, -6.4005337423067
 54.690703665056, -6.3448899186469
 54.690703665056, -6.3448899186469
 54.690703665056, -6.3448899186469
 54.690703665056, -6.3448899186469
 54.690703665056, -6.3448899186469
 54.712773062345, -6.2441383799492
 54.712773062345, -6.2441383799492
 54.712773062345, -6.2441383799492
 54.715097470422, -6.2410569891346
 54.708995819092, -6.531229019165
 54.708995819092, -6.531229019165
 54.708995819092, -6.531229019165
 54.708995819092, -6.531229019165
 54.70874786377, -6.5298271179199
 54.70874786377, -6.5298271179199
 54.70874786377, -6.5298271179199
 54.70874786377, -6.5298271179199
 54.70874786377, -6.5298271179199
 54.745311737061, -6.597261428833
 54.747638702393, -6.599235534668
 54.750003814697, -6.6012382507324
 54.751396179199, -6.6025543212891
 54.753551483154, -6.6043853759766
 54.754638671875, -6.6067028045654
 54.756393432617, -6.6071891784668
 54.756603240967, -6.604700088501
 54.758491516113, -6.6005516052246
 54.759654998779, -6.5982627868652
 54.770393371582, -6.577033996582
 54.76993560791, -6.5445041656494
 54.765682220459, -6.5061092376709
 54.759006500244, -6.4744663238525
 54.75959777832, -6.4567279815674
 54.75959777832, -6.4567279815674
 54.740657806396, -6.3787651062012
 54.740962982178, -6.339054107666
 54.742908477783, -6.2938785552979
 54.744472503662, -6.2495899200439
 54.756717681885, -6.2416076660156
 54.77933883667, -6.2470149993896
 54.803466796875, -6.2580585479736
 54.82738494873, -6.2647247314453
 54.843463897705, -6.2688159942627
 54.860153198242, -6.2501049041748
 54.874515533447, -6.2606906890869
 54.87398147583, -6.2628936767578
 54.872589111328, -6.2663841247559
 54.871463775635, -6.2691593170166
 54.870090484619, -6.2714195251465
 54.868221282959, -6.2727642059326
 54.866352081299, -6.2736511230469
 54.864501953125, -6.275053024292
 54.862957000732, -6.2776851654053
 54.861125946045, -6.2775707244873
 54.860134124756, -6.2759685516357
 54.857978820801, -6.2721920013428
 54.856243133545, -6.2687301635742
 54.855117797852, -6.2645244598389
 54.854393005371, -6.2606620788574
 54.852199554443, -6.25319480896
 54.849262237549, -6.2395477294922
 54.849262237549, -6.2395477294922
 54.830055236816, -6.1612415313721
 54.829406738281, -6.1600685119629
 54.828662872314, -6.1581516265869
 54.827995300293, -6.1556053161621
 54.827823638916, -6.1535739898682
 54.82795715332, -6.1515998840332
 54.828090667725, -6.1492538452148
 54.828224182129, -6.1475658416748
 54.828701019287, -6.1323738098145
 54.828872680664, -6.0948371887207
 54.827327728271, -6.0618209838867
 54.828128814697, -6.0204219818115
 54.824981689453, -5.9836578369141
 54.825077056885, -5.9670352935791
 54.822425842285, -5.9189701080322
 54.834766387939, -5.8941078186035
 54.835987091064, -5.8652400970459
 54.847660064697, -5.8425521850586
 54.848194122314, -5.8164596557617
 54.845218658447, -5.8051013946533
 54.84489440918, -5.8006381988525
 54.844913482666, -5.8006381988525
 54.845180511475, -5.8084487915039
 54.845294952393, -5.8057594299316
 54.845275878906, -5.8057308197021
 54.845275878906, -5.8057308197021
 54.845275878906, -5.8057308197021
 54.845294952393, -5.798864364624
 54.845314025879, -5.7988357543945
 54.845314025879, -5.798864364624
 54.845314025879, -5.798864364624
 54.84798, -5.796876
 54.84798, -5.796876
 54.84798, -5.796876
 54.84798, -5.796876
 54.84798, -5.796876
 54.84798, -5.796876
 54.84798, -5.796876
 54.84798, -5.796876
 54.84798, -5.796876
 54.84798, -5.796876
 54.84798, -5.796876
 54.84798, -5.796876
 54.84798, -5.796876
 54.84798, -5.796876
 54.84798, -5.796876
 54.84798, -5.796876
 54.84798, -5.796876
 54.84798, -5.796876
 54.84798, -5.796876
 54.84798, -5.796876
 54.917969, -5.703535
 54.917969, -5.703535
 54.917969, -5.703535
 54.917969, -5.703535
 54.917969, -5.703535
 54.917969, -5.703535
 54.919842, -5.697699
 54.919842, -5.697699
 54.919842, -5.697699
 54.919842, -5.697699
 54.919842, -5.697699
 54.919842, -5.697699
 54.919842, -5.697699
 54.919842, -5.697699
 54.919842, -5.697699
 54.919842, -5.697699
 54.919842, -5.697699
 54.995293, -5.299788
 54.919842, -5.697699
 54.919842, -5.697699
 54.919842, -5.697699
 54.919842, -5.697699
 54.919842, -5.697699
 54.995293, -5.299788
 54.995293, -5.299788
 54.995293, -5.299788
 54.995293, -5.299788
 54.995293, -5.299788
 54.995293, -5.299788
 54.995293, -5.299788
 54.995293, -5.299788
 54.995293, -5.299788
 54.995293, -5.299788
 55.01144, -5.257301
 54.995293, -5.299788
 54.995293, -5.299788
 55.021626, -5.209064
 54.995293, -5.299788
 55.023594, -5.194044
 54.995293, -5.299788
 54.995293, -5.299788
 55.005238, -5.27627
 55.005238, -5.27627
 55.01144, -5.257301
 55.01144, -5.257301
 55.01656, -5.236788
 55.012768, -5.077314
 55.021626, -5.209064
 55.021626, -5.209064
 55.023594, -5.194044
 54.982048, -5.049763
 55.025513, -5.176105
 55.027332, -5.145721
 55.027332, -5.145721
 55.027874, -5.133276
 55.028122, -5.117226
 55.027332, -5.10684
 55.025612, -5.0986
 54.963226318359, -5.0125408172607
 55.012768, -5.077314
 55.007355, -5.07165
 55.000118, -5.064955
 55.000118, -5.064955
 54.982048, -5.049763
 54.982048, -5.049763
 54.982048, -5.049763
 54.965988, -5.03397
 54.964359, -5.030107
 54.906101226807, -5.0221252441406
 54.906063079834, -5.0221252441406
 54.90608215332, -5.0221252441406
 54.906063079834, -5.0220966339111
 54.906063079834, -5.0220966339111
 54.906044006348, -5.0221538543701
 54.906044006348, -5.0221252441406
 54.906044006348, -5.0221252441406
 54.906063079834, -5.0221824645996
 54.906063079834, -5.0220966339111
 54.906044006348, -5.0220966339111
 54.905781, -5.021696
 54.905781, -5.021696
