 51.740970611572, 0.47367095947266
 51.740951538086, 0.47364234924316
 51.739406585693, 0.4738712310791
 51.737232208252, 0.47367095947266
 51.735248565674, 0.48102378845215
 51.733055114746, 0.47787666320801
 51.733055114746, 0.47787666320801
 51.733055114746, 0.47787666320801
 51.733055114746, 0.47787666320801
 51.733055114746, 0.47787666320801
 51.727539509216, 0.46857333526024
 51.725729509086, 0.46609995300705
 51.7245854524, 0.46380671699319
 51.723514771565, 0.46352125647134
 51.723153194138, 0.46142249676767
 51.721624565395, 0.46015502038651
 51.721798735218, 0.45695502339949
 51.721392338963, 0.45379168531843
 51.720307659182, 0.45281585095864
 51.720307659182, 0.45281585095864
 51.72082901001, 0.43747901916504
 51.720809936523, 0.43747901916504
 51.720848083496, 0.43750762939453
 51.720809936523, 0.43753623962402
 51.720905303955, 0.43753623962402
 51.720848083496, 0.43747901916504
 51.720790863037, 0.43753623962402
 51.721134185791, 0.435791015625
 51.721305847168, 0.43478965759277
 51.721324920654, 0.43481826782227
 51.721343994141, 0.43450355529785
 51.723594665527, 0.41776657104492
 51.726341247559, 0.3943920135498
 51.719398498535, 0.35980224609375
 51.719398498535, 0.35980224609375
 51.719398498535, 0.35980224609375
 51.719398498535, 0.35980224609375
 51.717300415039, 0.22682189941406
 51.72534942627, 0.19892692565918
 51.727256774902, 0.17111778259277
 51.736373901367, 0.14508247375488
 51.742458343506, 0.13741493225098
 51.764335632324, 0.12099266052246
 51.766872406006, 0.10082244873047
 51.767330169678, 0.098705291748047
 51.76872253418, 0.097503662109375
 51.77131652832, 0.096101760864258
 51.771488189697, 0.092382431030273
 51.769618988037, 0.090494155883789
 51.768589019775, 0.090723037719727
 51.767559051514, 0.091094970703125
 51.765594482422, 0.09272575378418
 51.764812469482, 0.092267990112305
 51.760272979736, 0.076904296875
 51.751708984375, 0.064916610717773
 51.741485595703, 0.056619644165039
 51.741485595703, 0.056619644165039
 51.714496612549, 0.01124382019043
 51.703968048096, -0.0030612945556641
 51.695594787598, 0.0017452239990234
 51.688886170044, -0.017550745989539
 51.688886170044, -0.017550745989539
 51.688989464088, -0.018560345089257
 51.688607949491, -0.018640384210038
 51.687754829664, -0.018241005316192
 51.687464473115, -0.017807106960297
 51.687679959467, -0.017466540848495
 51.688087542192, -0.017242794947409
 51.688810490274, -0.017590748490738
 51.687717437744, -0.014877319335938
 51.687679290771, -0.01490592956543
 51.687717437744, -0.014934539794922
 51.687679290771, -0.014820098876953
 51.687679290771, -0.01490592956543
 51.687679290771, -0.01490592956543
 51.687679290771, -0.014848709106445
 51.687679290771, -0.014848709106445
 51.687679290771, -0.014848709106445
 51.687679290771, -0.014848709106445
 51.687679290771, -0.014848709106445
 51.686544443799, -0.014915032991772
 51.686258441038, -0.015097673423987
 51.68773651123, -0.014705657958984
 51.686553955078, -0.014877319335938
 51.685886383057, -0.017480850219727
 51.685562133789, -0.021028518676758
 51.685409545898, -0.025062561035156
 51.685562133789, -0.028238296508789
 51.683712005615, -0.030097961425781
 51.683540344238, -0.033044815063477
 51.687107086182, -0.032186508178711
 51.688442230225, -0.033187866210938
 51.689281463623, -0.036907196044922
 51.700859069824, -0.043716430664062
 51.717109680176, -0.034561157226562
 51.742916107178, -0.032901763916016
 51.767311096191, -0.02772331237793
 51.791648864746, -0.027122497558594
 51.794948577881, -0.053815841674805
 51.794872283936, -0.069751739501953
 51.79573059082, -0.071382522583008
 51.796875, -0.07349967956543
 51.797027587891, -0.073928833007812
 51.796360015869, -0.07573127746582
 51.796951293945, -0.076704025268555
 51.797008514404, -0.076675415039062
 51.796951293945, -0.074357986450195
 51.797523498535, -0.071926116943359
 51.797523498535, -0.071926116943359
 51.797523498535, -0.071926116943359
 51.799011230469, -0.064315795898438
 51.800098419189, -0.059938430786133
 51.801071166992, -0.056390762329102
 51.801834106445, -0.053644180297852
 51.802654266357, -0.050497055053711
 51.808090209961, -0.036649703979492
 51.808223724365, -0.033102035522461
 51.808261871338, -0.030269622802734
 51.809978485107, -0.029153823852539
 51.810913085938, -0.03138542175293
 51.812896728516, -0.034360885620117
 51.813621520996, -0.036134719848633
 51.814575195312, -0.037765502929688
 51.815376281738, -0.039482116699219
 51.81619644165, -0.041313171386719
 51.81713104248, -0.042829513549805
 51.819038391113, -0.047893524169922
 51.834163665771, -0.024604797363281
 51.858081817627, -0.010757446289062
 51.882591247559, 0.00274658203125
 51.884098052979, 0.024404525756836
 51.88835144043, 0.049867630004883
 51.889095306396, 0.064773559570312
 51.889095306396, 0.064773559570312
 51.87593460083, 0.13710021972656
 51.876010894775, 0.14067649841309
 51.876106262207, 0.14287948608398
 51.87520980835, 0.14554023742676
 51.873455047607, 0.14928817749023
 51.87255859375, 0.15129089355469
 51.871929168701, 0.15366554260254
 51.872386932373, 0.1563835144043
 51.872863769531, 0.15795707702637
 51.872863769531, 0.15795707702637
 51.870212554932, 0.16282081604004
 51.869850158691, 0.16513824462891
 51.869850158691, 0.16513824462891
 51.869735717773, 0.16613960266113
 51.872501373291, 0.16854286193848
 51.87479019165, 0.16974449157715
 51.877040863037, 0.17074584960938
 51.879138946533, 0.1710033416748
 51.880798339844, 0.17157554626465
 51.882801055908, 0.17269134521484
 51.884250640869, 0.17457962036133
 51.885871887207, 0.17695426940918
 51.891460418701, 0.18490791320801
 51.899394989014, 0.19137382507324
 51.90149307251, 0.1922607421875
 51.903667449951, 0.19294738769531
 51.905117034912, 0.19449234008789
 51.907062530518, 0.1966667175293
 51.90824508667, 0.19795417785645
 51.910514831543, 0.19909858703613
 51.915760040283, 0.19989967346191
 51.936817169189, 0.19829750061035
 51.936817169189, 0.19829750061035
 51.972980499268, 0.21523475646973
 51.972980499268, 0.21523475646973
 51.972980499268, 0.21523475646973
 51.972980499268, 0.21523475646973
 51.972980499268, 0.21523475646973
 52.015111739887, 0.23508901848173
 52.017948907441, 0.23646000180748
 52.018870982979, 0.23781331307809
 52.020435096299, 0.23989166493732
 52.022166549253, 0.23921499596183
 52.004737854004, 0.22599220275879
 52.004737854004, 0.22599220275879
 52.004737854004, 0.22599220275879
 52.004737854004, 0.22599220275879
 52.004737854004, 0.22599220275879
 52.026088879297, 0.23506962996908
 52.094306, 0.128843
 52.094306, 0.128843
 52.094306, 0.128843
 52.094306, 0.128843
 52.094306, 0.128843
 52.043838500977, 0.21540641784668
 52.061195373535, 0.2098560333252
 52.075958251953, 0.1930046081543
 52.0920753479, 0.18161773681641
 52.103748321533, 0.16994476318359
 52.098789215088, 0.13936042785645
 52.096557617188, 0.13372421264648
 52.097339630127, 0.13598442077637
 52.09602355957, 0.13755798339844
 52.09602355957, 0.13750076293945
 52.097320556641, 0.13707160949707
 52.096157073975, 0.13710021972656
 52.096157073975, 0.13710021972656
 52.096176147461, 0.13738632202148
 52.096214294434, 0.13715744018555
 52.096214294434, 0.13735771179199
 52.096176147461, 0.13744354248047
 52.096290588379, 0.13747215270996
 52.096290588379, 0.13747215270996
 52.096290588379, 0.13747215270996
 52.096290588379, 0.13747215270996
 52.096290588379, 0.13747215270996
 52.094306, 0.128843
 52.094306, 0.128843
 52.094306, 0.128843
 52.094306, 0.128843
 52.094306, 0.128843
 52.096157073975, 0.13735771179199
 52.096347808838, 0.13750076293945
 52.096252441406, 0.13332366943359
 52.096748352051, 0.13320922851562
 52.102584838867, 0.1549243927002
 52.108497619629, 0.18559455871582
 52.120666503906, 0.21612167358398
 52.126407623291, 0.22619247436523
 52.11404800415, 0.24384498596191
 52.099266052246, 0.26596069335938
 52.093124389648, 0.29314041137695
 52.096977233887, 0.32243728637695
 52.100639343262, 0.3456974029541
 52.096652984619, 0.35840034484863
 52.090530395508, 0.40122985839844
 52.080364227295, 0.41896820068359
 52.080383300781, 0.41891098022461
 52.080364227295, 0.41911125183105
 52.080383300781, 0.41913986206055
 52.080879211426, 0.42263031005859
 52.081279754639, 0.42511940002441
 52.081604003906, 0.42938232421875
 52.082042694092, 0.43178558349609
 52.082386016846, 0.43401718139648
 52.082786560059, 0.43664932250977
 52.081832885742, 0.43968200683594
 52.080898284912, 0.44088363647461
 52.080898284912, 0.44088363647461
 52.082176208496, 0.44188499450684
 52.082633972168, 0.44116973876953
 52.084484100342, 0.43839454650879
 52.085437774658, 0.43765068054199
 52.086601257324, 0.43953895568848
 52.087421417236, 0.44068336486816
 52.087955474854, 0.4412841796875
 52.08890914917, 0.44234275817871
 52.089920043945, 0.44345855712891
 52.091503143311, 0.44609069824219
 52.093772888184, 0.44926643371582
 52.101345062256, 0.47879219055176
 52.118282318115, 0.49527168273926
 52.12739944458, 0.49006462097168
 52.139739990234, 0.50768852233887
 52.143363952637, 0.53403854370117
 52.154235839844, 0.56164741516113
 52.166652679443, 0.58507919311523
 52.181873321533, 0.60622215270996
 52.189388275146, 0.63486099243164
 52.189388275146, 0.63486099243164
 52.189388275146, 0.63486099243164
 52.229251861572, 0.68438529968262
 52.235660552979, 0.69703102111816
 52.236461639404, 0.69817543029785
 52.237873077393, 0.70183753967285
 52.239398956299, 0.70481300354004
 52.239723205566, 0.70632934570312
 52.240257263184, 0.70921897888184
 52.240829467773, 0.71182250976562
 52.238121032715, 0.7163143157959
 52.239856719971, 0.71660041809082
 52.239933013916, 0.71651458740234
 52.239952087402, 0.71657180786133
 52.239990234375, 0.71648597717285
 52.239189147949, 0.71640014648438
 52.238330841064, 0.7130241394043
 52.240753173828, 0.7170295715332
 52.242488861084, 0.71677207946777
 52.243728637695, 0.71648597717285
 52.243728637695, 0.71648597717285
 52.247562408447, 0.71677207946777
 52.248573303223, 0.71628570556641
 52.252216339111, 0.71537017822266
 52.252674102783, 0.71516990661621
 52.254619598389, 0.71382522583008
 52.255821228027, 0.7130241394043
 52.257843017578, 0.71210861206055
 52.260456085205, 0.71036338806152
 52.259845733643, 0.70778846740723
 52.259273529053, 0.70592880249023
 52.258224487305, 0.70163726806641
 52.257652282715, 0.70117950439453
 52.255764007568, 0.70006370544434
 52.255764007568, 0.70006370544434
 52.251396179199, 0.69743156433105
 52.251396179199, 0.69531440734863
 52.251453399658, 0.69531440734863
 52.251472473145, 0.69534301757812
 52.251472473145, 0.69534301757812
 52.251434326172, 0.69537162780762
 52.251434326172, 0.69537162780762
 52.251434326172, 0.6954288482666
 52.251434326172, 0.69537162780762
 52.251319885254, 0.69640159606934
 52.251720428467, 0.69514274597168
 52.250995635986, 0.68730354309082
 52.25736618042, 0.66544532775879
 52.263698577881, 0.60919761657715
 52.266235351562, 0.56931495666504
 52.270050048828, 0.52825927734375
 52.276458740234, 0.48703193664551
 52.275981903076, 0.46571731567383
 52.26900100708, 0.4072380065918
 52.26900100708, 0.4072380065918
 52.256355285645, 0.40311813354492
 52.255115509033, 0.40426254272461
 52.251930236816, 0.40715217590332
 52.24889755249, 0.40821075439453
 52.248077392578, 0.40846824645996
 52.246360778809, 0.40886878967285
 52.244243621826, 0.40655136108398
 52.243270874023, 0.40449142456055
 52.242240905762, 0.40163040161133
 52.2412109375, 0.3987979888916
 52.240314483643, 0.3965950012207
 52.239875793457, 0.39547920227051
 52.229022979736, 0.37290573120117
 52.222766876221, 0.34400939941406
 52.217025756836, 0.30438423156738
 52.215881347656, 0.28347015380859
 52.216682434082, 0.22158622741699
 52.212429046631, 0.2003002166748
 52.210731506348, 0.17492294311523
 52.211971282959, 0.16831398010254
 52.212295532227, 0.16542434692383
 52.211074829102, 0.1629638671875
 52.209186553955, 0.16327857971191
 52.207336425781, 0.16362190246582
 52.205142974854, 0.16347885131836
 52.202491760254, 0.16153335571289
 52.201118469238, 0.15924453735352
 52.199306488037, 0.15689849853516
 52.197704315186, 0.15641212463379
 52.196159362793, 0.15546798706055
 52.196712493896, 0.15229225158691
 52.197132110596, 0.14848709106445
 52.197704315186, 0.14442443847656
 52.198429107666, 0.14167785644531
 52.199058532715, 0.13973236083984
 52.199935913086, 0.13767242431641
 52.200527191162, 0.13601303100586
 52.201557159424, 0.13358116149902
 52.202377319336, 0.13140678405762
