 52.626209259033, 1.2938976287842
 52.628440856934, 1.2951564788818
 52.628536224365, 1.2951564788818
 52.628555297852, 1.2951564788818
 52.628498077393, 1.2951278686523
 52.628593444824, 1.2950706481934
 52.628593444824, 1.2951278686523
 52.628536224365, 1.2950992584229
 52.628536224365, 1.2951278686523
 52.628498077393, 1.2950706481934
 52.62845993042, 1.2951564788818
 52.628498077393, 1.2951278686523
 52.628517150879, 1.2951278686523
 52.628517150879, 1.2951278686523
 52.628479003906, 1.2951564788818
 52.628479003906, 1.2951564788818
 52.628479003906, 1.2951564788818
 52.629375457764, 1.2969589233398
 52.629375457764, 1.2988758087158
 52.628040313721, 1.3055992126465
 52.631721496582, 1.3087749481201
 52.631855010986, 1.3088321685791
 52.631855010986, 1.3088321685791
 52.631912231445, 1.3088321685791
 52.630345779834, 1.3074518993124
 52.630345779834, 1.3074518993124
 52.630345779834, 1.3074518993124
 52.631988525391, 1.3088035583496
 52.632160186768, 1.3089752197266
 52.633457183838, 1.3095474243164
 52.634181976318, 1.3118934631348
 52.633647918701, 1.3140678405762
 52.633686065674, 1.3165855407715
 52.633876800537, 1.3170719146729
 52.635440826416, 1.3225364685059
 52.636318206787, 1.3255977630615
 52.637004852295, 1.3278293609619
 52.636642456055, 1.3302898406982
 52.636280059814, 1.3324069976807
 52.636013031006, 1.3342094421387
 52.635955810547, 1.3346672058105
 52.635459899902, 1.3380146026611
 52.635173797607, 1.340160369873
 52.634944915771, 1.3437938690186
 52.63391494751, 1.3471126556396
 52.632217407227, 1.3506889343262
 52.628517150879, 1.36399269104
 52.626514434814, 1.3812160491943
 52.630920410156, 1.4138317108154
 52.637481689453, 1.4427280426025
 52.636623382568, 1.4789199829102
 52.634868621826, 1.5129375457764
 52.636947631836, 1.5407752990723
 52.636756896973, 1.543550491333
 52.636737823486, 1.54709815979
 52.636737823486, 1.54709815979
 52.636737823486, 1.54709815979
 52.636737823486, 1.54709815979
 52.636737823486, 1.54709815979
 52.663925180493, 1.6390831562418
 52.663925180493, 1.6390831562418
 52.662707417579, 1.6438423165933
 52.662600536414, 1.6474918302313
 52.662817802833, 1.6489715901812
 52.663026123603, 1.6521901033841
 52.662503614131, 1.6557682687356
 52.661905972579, 1.6580383461393
 52.661844500876, 1.6600883633856
 52.661811262841, 1.6618281022872
 52.637256, 1.727085
 52.661781311035, 1.6629695892334
 52.658653259277, 1.6802215576172
 52.65209197998, 1.7096042633057
 52.638645172119, 1.728458404541
 52.637176513672, 1.7282867431641
 52.637157440186, 1.7282867431641
 52.637195587158, 1.728343963623
 52.637157440186, 1.7283725738525
 52.637176513672, 1.728343963623
 52.637176513672, 1.7282867431641
 52.637176513672, 1.7282867431641
 52.636814117432, 1.728458404541
 52.634868621826, 1.728343963623
 52.631664276123, 1.7281150817871
 52.62825012207, 1.7278575897217
 52.626514434814, 1.7277717590332
 52.624740600586, 1.7276573181152
 52.622947692871, 1.7276287078857
 52.621192932129, 1.7276573181152
 52.619743347168, 1.7268848419189
 52.618427276611, 1.7250537872314
 52.615966796875, 1.7240524291992
 52.614440917969, 1.7239665985107
 52.613067626953, 1.7241668701172
 52.611713409424, 1.7240810394287
 52.610855102539, 1.7258834838867
 52.607173919678, 1.7292308807373
 52.607002258301, 1.726713180542
 52.606506347656, 1.7240524291992
 52.606906890869, 1.7233085632324
 52.605819702148, 1.721019744873
 52.604866027832, 1.719446182251
 52.604084014893, 1.7181873321533
 52.601566314697, 1.7162132263184
 52.599868774414, 1.7152118682861
 52.598724365234, 1.7140674591064
 52.582263946533, 1.719217300415
 52.564449310303, 1.7220783233643
 52.546291351318, 1.7185878753662
 52.526226043701, 1.726541519165
 52.508163452148, 1.7310905456543
 52.508163452148, 1.7310905456543
 52.496948242188, 1.7364120483398
 52.496223449707, 1.7378997802734
 52.49547958374, 1.739444732666
 52.494812011719, 1.7409038543701
 52.494201660156, 1.7426490783691
 52.493305206299, 1.7455387115479
 52.492218017578, 1.7474842071533
 52.49080657959, 1.7495155334473
 52.489147186279, 1.7518901824951
 52.487411499023, 1.7548370361328
 52.487411499023, 1.7548370361328
 52.483863830566, 1.7564392089844
 52.481460571289, 1.7553520202637
 52.47745513916, 1.756010055542
 52.47974395752, 1.7590141296387
 52.48083114624, 1.7603874206543
 52.480869293213, 1.7619609832764
 52.48083114624, 1.7619323730469
 52.479305267334, 1.7613887786865
 52.478771209717, 1.7586994171143
 52.477264404297, 1.7569541931152
 52.4778175354, 1.7554664611816
 52.478370666504, 1.7545223236084
 52.47594833374, 1.7523193359375
 52.47407913208, 1.750545501709
 52.471981048584, 1.7483425140381
 52.471008300781, 1.7439079284668
 52.470188140869, 1.7391872406006
 52.468643188477, 1.7354393005371
 52.454433441162, 1.7154979705811
 52.442607879639, 1.7242240905762
 52.426776885986, 1.7124938964844
 52.419052124023, 1.702709197998
 52.405605316162, 1.6766166687012
 52.388362884521, 1.6715240478516
 52.38639831543, 1.6713809967041
 52.385292053223, 1.6706085205078
 52.383785247803, 1.6706371307373
 52.381248474121, 1.6714668273926
 52.378311157227, 1.67160987854
 52.377586364746, 1.6715812683105
 52.359771728516, 1.6756439208984
 52.343196868896, 1.6793060302734
 52.337951660156, 1.6733837127686
 52.33570098877, 1.6728115081787
 52.334232330322, 1.6728687286377
 52.330780029297, 1.675329208374
 52.331047058105, 1.6787910461426
 52.33118057251, 1.6833114624023
 52.332344055176, 1.6855144500732
 52.332229614258, 1.6857433319092
 52.331199645996, 1.6849708557129
 52.33097076416, 1.6847991943359
 52.331218719482, 1.681022644043
 52.330932617188, 1.677131652832
 52.331104278564, 1.6750431060791
 52.333297729492, 1.6740989685059
 52.33470916748, 1.6713809967041
 52.335186004639, 1.6687202453613
 52.33606338501, 1.6562747955322
 52.335910797119, 1.6526126861572
 52.335300445557, 1.6550731658936
 52.335395812988, 1.6556453704834
 52.33549118042, 1.6556739807129
 52.335453033447, 1.6556453704834
 52.335453033447, 1.6556453704834
 52.335510253906, 1.6556453704834
 52.335453033447, 1.6556167602539
 52.335453033447, 1.6556453704834
 52.335453033447, 1.6556453704834
 52.335453033447, 1.6556453704834
 52.335453033447, 1.6556453704834
 52.335453033447, 1.6556453704834
 52.335710816822, 1.6540539364611
 52.335710816822, 1.6540539364611
 52.335710816822, 1.6540539364611
 52.335710816822, 1.6540539364611
 52.335710816822, 1.6540539364611
 52.335710816822, 1.6540539364611
 52.335710816822, 1.6540539364611
 52.335710816822, 1.6540539364611
 52.335710816822, 1.6540539364611
 52.335710816822, 1.6540539364611
 52.335710816822, 1.6540539364611
 52.335710816822, 1.6540539364611
 52.335710816822, 1.6540539364611
 52.335710816822, 1.6540539364611
 52.335710816822, 1.6540539364611
 52.335710816822, 1.6540539364611
 52.335710816822, 1.6540539364611
 52.337303161621, 1.6508388519287
 52.33549118042, 1.6263198852539
 52.331085205078, 1.6007137298584
 52.315464019775, 1.5892124176025
 52.301902770996, 1.5632915496826
 52.286853790283, 1.5385150909424
 52.270832061768, 1.5208339691162
 52.264518737793, 1.5128517150879
 52.250690460205, 1.4948844909668
 52.230567932129, 1.4925384521484
 52.228755950928, 1.4935970306396
 52.226638793945, 1.4939975738525
 52.224807739258, 1.4936828613281
 52.223606109619, 1.4932823181152
 52.221260070801, 1.4924240112305
 52.218132019043, 1.4909362792969
 52.218132019043, 1.4909362792969
 52.218132019043, 1.4909362792969
 52.218132019043, 1.4909362792969
 52.218132019043, 1.4909362792969
 52.211107585059, 1.4908707630131
 52.211107585059, 1.4908707630131
 52.177810668945, 1.5431213378906
 52.167644500732, 1.5712451934814
 52.167644500732, 1.5712451934814
 52.167644500732, 1.5712451934814
 52.167644500732, 1.5712451934814
 52.167644500732, 1.5712451934814
 52.157049124983, 1.5930499499602
 52.156116804161, 1.5953748823207
 52.155160577677, 1.5984401431541
 52.1548942003, 1.6012366787324
 52.154550446825, 1.6030516947518
 52.154550446825, 1.6030516947518
 52.154550446825, 1.6030516947518
 52.153541732216, 1.6027767389454
 52.152237256713, 1.6024249182046
 52.149160256491, 1.6017782913892
 52.148682143249, 1.6003967789079
 52.150950178005, 1.6012021591246
 52.153534992655, 1.6017332548294
 52.154823634436, 1.6012791914922
 52.155054074728, 1.5984471975733
 52.15606444542, 1.5951548818848
 52.157106027058, 1.5922815238634
 52.157606896852, 1.5911088105898
 52.158986218667, 1.587475328954
 52.175254821777, 1.552677154541
 52.1803855896, 1.5333080291748
 52.179832458496, 1.521520614624
 52.179832458496, 1.521520614624
 52.179832458496, 1.521520614624
 52.188682556152, 1.4552879333496
 52.184772491455, 1.4356327056885
 52.182598114014, 1.4249897003174
 52.172012329102, 1.4161491394043
 52.166843414307, 1.395320892334
 52.160301208496, 1.3797283172607
 52.158641815186, 1.3708305358887
 52.158374786377, 1.3699436187744
 52.158374786377, 1.3699436187744
 52.158374786377, 1.3699436187744
 52.158374786377, 1.3699436187744
 52.152233123779, 1.3631629943848
 52.150249481201, 1.3633632659912
 52.148761749268, 1.3629913330078
 52.135162353516, 1.3576412200928
 52.129688262939, 1.3516044616699
 52.128620147705, 1.3508892059326
 52.127380371094, 1.3497734069824
 52.126426696777, 1.3487148284912
 52.124614715576, 1.3468265533447
 52.123756408691, 1.345739364624
 52.12251663208, 1.3448810577393
 52.12251663208, 1.3448810577393
 52.109718322754, 1.3345241546631
 52.107124328613, 1.332950592041
 52.106227874756, 1.3313484191895
 52.105178833008, 1.3301467895508
 52.105178833008, 1.3301467895508
 52.100162506104, 1.325569152832
 52.09846496582, 1.3241958618164
 52.097473144531, 1.3232517242432
 52.095260620117, 1.3215351104736
 52.095260620117, 1.3215351104736
 52.095260620117, 1.3215351104736
 52.095260620117, 1.3215351104736
 52.095260620117, 1.3215351104736
 52.089993671133, 1.3155727897163
 52.089824676514, 1.3165855407715
 52.089824676514, 1.3165855407715
 52.089824676514, 1.3165855407715
 52.089824676514, 1.3165855407715
 52.090724738959, 1.3158644592724
 52.09057772398, 1.3121416650356
 52.089780427947, 1.3095805398479
 52.08902383518, 1.3067995832758
 52.087753440758, 1.3037049940285
 52.0872855728, 1.3014116512929
 52.087090912409, 1.2983666675836
 52.088756561279, 1.3064289093018
 52.088756561279, 1.3064289093018
 52.088756561279, 1.3064289093018
 52.088756561279, 1.3064289093018
 52.086370711951, 1.2960535381533
 51.969264050517, 1.3523941445612
 52.059364318848, 1.2769317626953
 52.041721343994, 1.2648296356201
 52.02262878418, 1.2605094909668
 52.005348205566, 1.2854862213135
 51.99182510376, 1.3171577453613
 51.976928710938, 1.336669921875
 51.970882415771, 1.351375579834
 51.96907043457, 1.3524341583252
 51.967430114746, 1.3530921936035
 51.966247558594, 1.3527202606201
 51.964874267578, 1.3522052764893
 51.96382522583, 1.3517761230469
 51.963043212891, 1.3515472412109
 51.962070465088, 1.351261138916
 51.961517333984, 1.3506889343262
 51.960830688477, 1.3468551635742
 51.96044921875, 1.3426780700684
 51.95915222168, 1.3406467437744
 51.958160400391, 1.3443660736084
 51.956443786621, 1.3428783416748
 51.954345703125, 1.3409042358398
 51.952590942383, 1.3392734527588
 51.951904296875, 1.3374710083008
 51.953163146973, 1.3336372375488
 51.95333480835, 1.3332080841064
 51.955051422119, 1.3288021087646
 51.962337493896, 1.3214778900146
 51.97717666626, 1.3306331634521
 51.992702484131, 1.3160133361816
 52.002716064453, 1.2898063659668
 52.016277313232, 1.2718105316162
 52.033530993405, 1.1518922915186
 52.033530993405, 1.1518922915186
 52.033530993405, 1.1518922915186
 52.034360103568, 1.1520907188881
 52.034950619363, 1.1535772595508
 52.035567563903, 1.155621731109
 52.036112130618, 1.1563962882932
 52.036112130618, 1.1563962882932
 52.036112130618, 1.1563962882932
 52.046114247588, 1.1619492117741
 52.046114247588, 1.1619492117741
 52.046114247588, 1.1619492117741
 52.046114247588, 1.1619492117741
 52.047653935532, 1.1626338388381
 52.050080657895, 1.1628596878834
 52.048320770264, 1.1634349822998
 52.049198150635, 1.1634922027588
 52.049160003662, 1.1634922027588
 52.049026489258, 1.1634635925293
 52.049293518066, 1.1634349822998
 52.051868438721, 1.1632061004639
 52.05192565918, 1.1632347106934
 52.051868438721, 1.1630916595459
 52.051830291748, 1.1629486083984
 52.052040100098, 1.1631774902344
 52.051811218262, 1.1629486083984
 52.051868438721, 1.1629199981689
 52.05192565918, 1.1630058288574
 52.052040100098, 1.1630344390869
 52.052478790283, 1.1623191833496
 52.052688598633, 1.160774230957
 52.052536010742, 1.1568832397461
 52.052421569824, 1.1535930633545
