 53.581733703613, -2.4375629425049
 53.582305908203, -2.4403953552246
 53.581638336182, -2.4447441101074
 53.581085205078, -2.4484634399414
 53.580646514893, -2.4511528015137
 53.580379486084, -2.4535274505615
 53.580131530762, -2.455587387085
 53.579998016357, -2.4589920043945
 53.579883575439, -2.4629402160645
 53.579788208008, -2.4662590026855
 53.579807281494, -2.4704074859619
 53.579998016357, -2.475757598877
 53.579998016357, -2.4781894683838
 53.579387664795, -2.4970722198486
 53.583450317383, -2.5203609466553
 53.584957122803, -2.5238227844238
 53.586025238037, -2.5260543823242
 53.586750030518, -2.5277709960938
 53.588123321533, -2.5308036804199
 53.589267730713, -2.5336647033691
 53.590183258057, -2.5360107421875
 53.591365814209, -2.5389575958252
 53.592128753662, -2.5410175323486
 53.593616485596, -2.5435638427734
 53.595104217529, -2.5463676452637
 53.596172332764, -2.5481128692627
 53.597984313965, -2.5502586364746
 53.599491119385, -2.5518035888672
 53.601627349854, -2.5540924072266
 53.603744506836, -2.5571537017822
 53.607444763184, -2.5659084320068
 53.614597320557, -2.5930023193359
 53.623542785645, -2.6063632965088
 53.637313842773, -2.6162338256836
 53.641586303711, -2.6195526123047
 53.641586303711, -2.6195526123047
 53.644161224365, -2.6219272613525
 53.645610809326, -2.6244449615479
 53.646755218506, -2.6266479492188
 53.648376464844, -2.6290798187256
 53.649826049805, -2.6310253143311
 53.652019500732, -2.6320266723633
 53.652648925781, -2.6303386688232
 53.652896881104, -2.6287078857422
 53.654174804688, -2.6280784606934
 53.654632568359, -2.6291084289551
 53.654155731201, -2.6327705383301
 53.653602600098, -2.6353740692139
 53.65348815918, -2.6394939422607
 53.654289245605, -2.6417827606201
 53.655071258545, -2.6451301574707
 53.655643463135, -2.6497650146484
 53.657283782959, -2.6563167572021
 53.659439086914, -2.6603507995605
 53.66039276123, -2.6637268066406
 53.660678863525, -2.6669311523438
 53.660774230957, -2.6694202423096
 53.660717010498, -2.6724815368652
 53.660888671875, -2.6744270324707
 53.659210205078, -2.6742267608643
 53.658771514893, -2.6761722564697
 53.658256530762, -2.6784038543701
 53.659820556641, -2.6984024047852
 53.661842346191, -2.7219486236572
 53.662719726562, -2.7457523345947
 53.661708831787, -2.7636909484863
 53.661632537842, -2.7693557739258
 53.661632537842, -2.7693557739258
 53.661632537842, -2.7693557739258
 53.661632537842, -2.7693557739258
 53.661632537842, -2.7693557739258
 53.659820556641, -2.8021430969238
 53.647880554199, -2.8164196014404
 53.634510040283, -2.8151607513428
 53.617725372314, -2.823486328125
 53.607769012451, -2.8377628326416
 53.607349395752, -2.838306427002
 53.603210449219, -2.8424549102783
 53.601570129395, -2.843713760376
 53.599872589111, -2.8446578979492
 53.599872589111, -2.8446578979492
 53.599872589111, -2.8446578979492
 53.599872589111, -2.8446578979492
 53.599872589111, -2.8446578979492
 53.59188079834, -2.8502368927002
 53.590812683105, -2.8540992736816
 53.590202331543, -2.8559303283691
 53.581523895264, -2.8724956512451
 53.575382232666, -2.8786468505859
 53.573551177979, -2.8805351257324
 53.572311401367, -2.8817367553711
 53.570251464844, -2.8836822509766
 53.568687438965, -2.8840827941895
 53.56819152832, -2.8810501098633
 53.566818237305, -2.8827381134033
 53.565711975098, -2.8835105895996
 53.566436767578, -2.8867149353027
 53.567142486572, -2.8879737854004
 53.568782806396, -2.8873157501221
 53.570156097412, -2.8881740570068
 53.571472167969, -2.8908920288086
 53.572883605957, -2.8911209106445
 53.574199676514, -2.8934955596924
 53.574905395508, -2.8941249847412
 53.575763702393, -2.8944683074951
 53.576755523682, -2.894868850708
 53.577747344971, -2.8952980041504
 53.57873916626, -2.8958702087402
 53.58003616333, -2.8975009918213
 53.5915184021, -2.9191303253174
 53.604564666748, -2.9328060150146
 53.604564666748, -2.9328060150146
 53.604564666748, -2.9328060150146
 53.604564666748, -2.9328060150146
 53.604564666748, -2.9328060150146
 53.635477721778, -2.9774465853998
 53.635477721778, -2.9774465853998
 53.635477721778, -2.9774465853998
 53.636322021484, -2.9769515991211
 53.636302947998, -2.9769802093506
 53.636341094971, -2.9769515991211
 53.63697052002, -2.9787540435791
 53.63697052002, -2.9787540435791
 53.63697052002, -2.9787540435791
 53.63697052002, -2.9787540435791
 53.638458251953, -2.98828125
 53.639087677002, -2.9903697967529
 53.640384674072, -2.9951477050781
 53.641490936279, -2.9995250701904
 53.642692565918, -3.0017852783203
 53.643989562988, -3.0032444000244
 53.6452293396, -3.0047035217285
 53.646335601807, -3.0060768127441
 53.646907806396, -3.0079650878906
 53.645515441895, -3.0104541778564
 53.644466400146, -3.0122852325439
 53.642234802246, -3.0155754089355
 53.639812469482, -3.0170917510986
 53.63733291626, -3.0198669433594
 53.636417388916, -3.0210113525391
 53.634033203125, -3.0236148834229
 53.63166809082, -3.0251598358154
 53.629665374756, -3.0262756347656
 53.628082275391, -3.0274200439453
 53.617630004883, -3.0215549468994
 53.608055114746, -3.0260753631592
 53.606262207031, -3.0283641815186
 53.60445022583, -3.0314540863037
 53.602428436279, -3.0334568023682
 53.600769042969, -3.0331420898438
 53.598575592041, -3.0347442626953
 53.596801757812, -3.0364036560059
 53.594646453857, -3.0386066436768
 53.592147827148, -3.0390071868896
 53.58959197998, -3.039722442627
 53.58959197998, -3.039722442627
 53.57364654541, -3.0507659912109
 53.57364654541, -3.0507659912109
 53.57364654541, -3.0507659912109
 53.555278778076, -3.0521392822266
 53.554973602295, -3.0544281005859
 53.553924560547, -3.057746887207
 53.552722930908, -3.0569744110107
 53.55152130127, -3.0562019348145
 53.550319671631, -3.0553722381592
 53.548736572266, -3.0546855926514
 53.548736572266, -3.0546855926514
 53.545989990234, -3.0544853210449
 53.540706634521, -3.0479049682617
 53.522663116455, -3.0289649963379
 53.522663116455, -3.0289649963379
 53.502712249756, -3.002986907959
 53.493118286133, -3.0222702026367
 53.487243652344, -3.0331420898438
 53.484745025635, -3.0397510528564
 53.484745025635, -3.0397510528564
 53.484745025635, -3.0397510528564
 53.484745025635, -3.0397510528564
 53.491058349609, -3.054027557373
 53.492889404297, -3.0545711517334
 53.494663238525, -3.0558586120605
 53.49630355835, -3.0568027496338
 53.496646881104, -3.0587482452393
 53.495674133301, -3.0582046508789
 53.493785858154, -3.0571460723877
 53.492603302002, -3.0563449859619
 53.491897583008, -3.0558586120605
 53.488121032715, -3.0528545379639
 53.487377166748, -3.0521965026855
 53.486633300781, -3.0515384674072
 53.483619689941, -3.0490207672119
 53.482208251953, -3.0473899841309
 53.481502532959, -3.0463600158691
 53.482398986816, -3.0452442169189
 53.482398986816, -3.0452442169189
 53.482303619385, -3.0272483825684
 53.481369018555, -3.0235290527344
 53.464813232422, -3.0156898498535
 53.467884063721, -3.0041599273682
 53.480587005615, -2.9697132110596
 53.473091125488, -2.9565811157227
 53.474178314209, -2.95334815979
 53.474140167236, -2.953405380249
 53.474082946777, -2.953405380249
 53.474102020264, -2.9533195495605
 53.474082946777, -2.953405380249
 53.474235534668, -2.953405380249
 53.474197387695, -2.9533767700195
 53.474197387695, -2.9533767700195
 53.474197387695, -2.9533767700195
 53.474197387695, -2.9533767700195
 53.474197387695, -2.9533767700195
 53.475845, -2.941525
 53.475845, -2.941525
 53.475845, -2.941525
 53.475845, -2.941525
 53.474197387695, -2.9533767700195
 53.474178314209, -2.953405380249
 53.474140167236, -2.9534339904785
 53.47412109375, -2.9534339904785
 53.474140167236, -2.953405380249
 53.474178314209, -2.953405380249
 53.474140167236, -2.953405380249
 53.474159240723, -2.9534339904785
 53.47412109375, -2.9534339904785
 53.47412109375, -2.953405380249
 53.474102020264, -2.953405380249
 53.474102020264, -2.9534339904785
 53.474102020264, -2.9534339904785
 53.474178314209, -2.953405380249
 53.474102020264, -2.953462600708
 53.474502563477, -2.9532909393311
 53.474025726318, -2.958869934082
 53.482322692871, -2.9656791687012
 53.492660522461, -2.953519821167
 53.484725952148, -2.9236221313477
 53.467559814453, -2.8910636901855
 53.465137481689, -2.8637981414795
 53.466739654541, -2.8278636932373
 53.467998504639, -2.7934455871582
 53.469333648682, -2.7685260772705
 53.469352722168, -2.7680969238281
 53.468608856201, -2.7663803100586
 53.467197418213, -2.7646064758301
 53.465614318848, -2.7635765075684
 53.464031219482, -2.7610874176025
 53.462314605713, -2.7569389343262
 53.460960388184, -2.7550220489502
 53.459568023682, -2.7528190612793
 53.457527160645, -2.7477836608887
 53.455638885498, -2.7470397949219
 53.45422744751, -2.7453517913818
 53.453273773193, -2.7442073822021
 53.452262878418, -2.7432060241699
 53.451385498047, -2.7456665039062
 53.449993133545, -2.7473258972168
 53.448581695557, -2.7492713928223
 53.448276519775, -2.7535629272461
 53.448123931885, -2.7556800842285
 53.446311950684, -2.7591705322266
 53.444080352783, -2.761173248291
 53.442249298096, -2.763032913208
 53.442115783691, -2.766752243042
 53.440685272217, -2.7716732025146
 53.43433380127, -2.7892971038818
 53.433303833008, -2.8134441375732
 53.433494567871, -2.8133296966553
 53.435592651367, -2.8126430511475
 53.435592651367, -2.8126430511475
 53.437042236328, -2.8128147125244
 53.43864440918, -2.8136444091797
 53.439388275146, -2.8138446807861
 53.437824249268, -2.8135299682617
 53.437824249268, -2.8135013580322
 53.43786239624, -2.8134727478027
 53.437843322754, -2.8135013580322
 53.437843322754, -2.8134727478027
 53.436450958252, -2.8098106384277
 53.436470031738, -2.8098392486572
 53.436450958252, -2.8097820281982
 53.436450958252, -2.8098392486572
 53.436450958252, -2.8097820281982
 53.433876037598, -2.8114986419678
 53.433685302734, -2.8077793121338
 53.427200317383, -2.8239154815674
 53.426399230957, -2.8261756896973
 53.42472076416, -2.830810546875
 53.42306137085, -2.8352737426758
 53.422298431396, -2.8383636474609
 53.421669006348, -2.8413391113281
 53.42113494873, -2.8440570831299
 53.420429229736, -2.8480052947998
 53.420143127441, -2.8507518768311
 53.420276641846, -2.8533554077148
 53.420753479004, -2.8558444976807
 53.42155456543, -2.8586196899414
 53.421630859375, -2.8614807128906
 53.421192169189, -2.863826751709
 53.420524597168, -2.8677177429199
 53.420314788818, -2.8708648681641
 53.420257568359, -2.8736400604248
 53.419971466064, -2.8771877288818
 53.419799804688, -2.8789329528809
 53.419532775879, -2.8815364837646
 53.419284820557, -2.883882522583
 53.418941497803, -2.8869438171387
 53.41854095459, -2.8905773162842
 53.417778015137, -2.8938388824463
 53.41724395752, -2.8961563110352
 53.416881561279, -2.898530960083
 53.416328430176, -2.9020500183105
 53.415393829346, -2.9053401947021
 53.414497375488, -2.9082298278809
 53.413677215576, -2.9116630554199
 53.412494659424, -2.9144954681396
 53.410930633545, -2.9162979125977
 53.409805297852, -2.9189872741699
 53.41007232666, -2.9221343994141
 53.410091400146, -2.9265689849854
 53.410148620605, -2.929744720459
 53.409996032715, -2.9321479797363
 53.409442901611, -2.9360389709473
 53.408699035645, -2.9404163360596
 53.408336639404, -2.9429912567139
 53.408203125, -2.9460525512695
 53.407516479492, -2.9502582550049
 53.407211303711, -2.95334815979
 53.407173156738, -2.9562091827393
 53.407230377197, -2.959098815918
 53.406448364258, -2.9614734649658
 53.405799865723, -2.9662799835205
 53.404331207275, -2.9676246643066
 53.403491973877, -2.9691696166992
 53.401355743408, -2.9704856872559
 53.399963378906, -2.9711437225342
 53.398990631104, -2.9730606079102
 53.399772644043, -2.9757785797119
 53.401165008545, -2.9758930206299
 53.40353012085, -2.9767227172852
 53.404541015625, -2.9776382446289
 53.405437469482, -2.9794692993164
 53.407020568848, -2.9796695709229
 53.40856552124, -2.9790687561035
 53.410835266113, -2.9776954650879
 53.412094116211, -2.9825592041016
 53.41625213623, -2.9860496520996
 53.40763092041, -3.0236721038818
 53.407726287842, -3.0383491516113
 53.405055999756, -3.0369758605957
 53.404369354248, -3.0366897583008
 53.403072357178, -3.0360889434814
 53.401546478271, -3.0355739593506
 53.400421142578, -3.0363464355469
 53.398971557617, -3.0375194549561
 53.397769927979, -3.0384063720703
 53.396530151367, -3.0399513244629
 53.397331237793, -3.0427551269531
 53.397731781006, -3.0443000793457
 53.397636413574, -3.0479049682617
 53.397083282471, -3.0515956878662
 53.396129608154, -3.0537986755371
 53.394165039062, -3.0518245697021
 53.394165039062, -3.0518245697021
 53.393535614014, -3.0465888977051
 53.394451141357, -3.0444431304932
 53.39469909668, -3.0403518676758
 53.394947052002, -3.0377197265625
 53.394641876221, -3.0364608764648
 53.394641876221, -3.0364608764648
 53.392791748047, -3.0335140228271
 53.391265869141, -3.0347442626953
 53.39017868042, -3.0350017547607
 53.390522003174, -3.0291080474854
 53.391666412354, -3.0250453948975
 53.391647338867, -3.0221557617188
 53.391304016113, -3.0189228057861
 53.39319229126, -3.0169486999512
 53.39412689209, -3.0142879486084
 53.395137786865, -3.0117988586426
 53.394832611084, -3.0100536346436
 53.395214080811, -3.0102252960205
 53.395118713379, -3.01025390625
 53.395309448242, -3.0102252960205
 53.395698386612, -3.007895544224
 53.395698386612, -3.007895544224
 53.395698386612, -3.007895544224
 53.395698386612, -3.007895544224
 53.395698386612, -3.007895544224
 53.395698386612, -3.007895544224
 53.395698386612, -3.007895544224
 53.391399383545, -3.0146598815918
 53.391399383545, -3.0146598815918
 53.409442901611, -2.9857921600342
 53.412647247314, -2.9890251159668
 53.412189483643, -2.9990100860596
 53.410549163818, -3.000955581665
 53.410015106201, -3.0007266998291
