 52.185077667236, -2.2316265106201
 52.181091308594, -2.2315692901611
 52.181091308594, -2.2315692901611
 52.178268432617, -2.2322273254395
 52.178268432617, -2.2322273254395
 52.178268432617, -2.2322273254395
 52.173004150391, -2.2363185882568
 52.172012329102, -2.2394371032715
 52.166957855225, -2.2424983978271
 52.162818908691, -2.2467613220215
 52.162818908691, -2.2467613220215
 52.157745361328, -2.2567462921143
 52.157745361328, -2.2567462921143
 52.136096954346, -2.2993755340576
 52.131824493408, -2.3067855834961
 52.131595611572, -2.3074150085449
 52.131290435791, -2.3084449768066
 52.130813598633, -2.3092746734619
 52.130222320557, -2.3099327087402
 52.129764556885, -2.3105335235596
 52.12890625, -2.312479019165
 52.127780914307, -2.3147678375244
 52.126979827881, -2.3159694671631
 52.126045227051, -2.3173141479492
 52.125434875488, -2.3183155059814
 52.124671936035, -2.3196601867676
 52.124004364014, -2.3211765289307
 52.123584747314, -2.3223495483398
 52.122173309326, -2.3268413543701
 52.120532989502, -2.3300743103027
 52.118644714355, -2.328987121582
 52.117252349854, -2.3285865783691
 52.115859985352, -2.3293876647949
 52.114601135254, -2.3298740386963
 52.111892700195, -2.3300743103027
 52.109832763672, -2.3302459716797
 52.107925415039, -2.3301029205322
 52.106704711914, -2.3299312591553
 52.105484008789, -2.3294734954834
 52.102813720703, -2.3301601409912
 52.102813720703, -2.3301601409912
 52.102813720703, -2.3301601409912
 52.102813720703, -2.3301601409912
 52.102813720703, -2.3301601409912
 52.07747, -2.33236
 52.07747, -2.33236
 52.075447838488, -2.3324366036016
 52.07226, -2.33343
 52.07109, -2.33406
 52.070080542318, -2.3344377751319
 52.070080542318, -2.3344377751319
 52.035732269287, -2.4222278594971
 52.027606964111, -2.4205684661865
 52.025775909424, -2.446403503418
 52.017669677734, -2.4710655212402
 52.005882263184, -2.490062713623
 51.991100311279, -2.504711151123
 51.991100311279, -2.504711151123
 51.991100311279, -2.504711151123
 51.991100311279, -2.504711151123
 51.945705413818, -2.5498294830322
 51.932830810547, -2.5606727600098
 51.925735473633, -2.5732326507568
 51.924476623535, -2.5747776031494
 51.922359466553, -2.5764656066895
 51.920356750488, -2.577953338623
 51.917915344238, -2.5804710388184
 51.916217803955, -2.5803852081299
 51.914863586426, -2.5797557830811
 51.913967132568, -2.5809574127197
 51.914024353027, -2.5828742980957
 51.914329528809, -2.5849342346191
 51.914691925049, -2.5867366790771
 51.912326812744, -2.5911712646484
 51.901798248291, -2.6261615753174
 51.893215179443, -2.6352310180664
 51.866054534912, -2.6341152191162
 51.852569580078, -2.656831741333
 51.852569580078, -2.656831741333
 51.852569580078, -2.656831741333
 51.81791305542, -2.7047538757324
 51.816120147705, -2.7082443237305
 51.816101074219, -2.70827293396
 51.816158294678, -2.7082443237305
 51.816177368164, -2.708215713501
 51.816139221191, -2.7082443237305
 51.816120147705, -2.7082443237305
 51.816120147705, -2.7082443237305
 51.816215515137, -2.7082443237305
 51.816120147705, -2.7082443237305
 51.816082000732, -2.7082443237305
 51.81526184082, -2.709846496582
 51.814575195312, -2.711706161499
 51.814136505127, -2.7133083343506
 51.813564300537, -2.7145099639893
 51.811904907227, -2.7158832550049
 51.810150146484, -2.7185440063477
 51.808643341064, -2.7177143096924
 51.806793212891, -2.7179145812988
 51.80305480957, -2.7145671844482
 51.793746948242, -2.7288722991943
 51.793746948242, -2.7288722991943
 51.785049438477, -2.7809715270996
 51.772785186768, -2.8062343597412
 51.766910552979, -2.8323554992676
 51.766490936279, -2.8451156616211
 51.765747070312, -2.847318649292
 51.765747070312, -2.847318649292
 51.765747070312, -2.847318649292
 51.765747070312, -2.847318649292
 51.765747070312, -2.847318649292
 51.764953110807, -2.854994175324
 51.812093725163, -3.0103337289608
 51.812093725163, -3.0103337289608
 51.812093725163, -3.0103337289608
 51.8139, -3.01129
 51.8139, -3.01129
 51.81708, -3.01314
 51.81928, -3.01408
 51.81827545166, -3.0137157440186
 51.819858551025, -3.0156898498535
 51.821193695068, -3.0171775817871
 51.821937561035, -3.0158615112305
 51.822643280029, -3.0153465270996
 51.824188232422, -3.0204105377197
 51.824836730957, -3.0228996276855
 51.825103759766, -3.026762008667
 51.823482513428, -3.028392791748
 51.821727752686, -3.0296516418457
 51.819286346436, -3.0290794372559
 51.817111968994, -3.0294513702393
 51.817111968994, -3.0294513702393
 51.816806793213, -3.0294513702393
 51.816806793213, -3.0294799804688
 51.817874908447, -3.0279922485352
 51.81640625, -3.0276775360107
 51.81770324707, -3.0385780334473
 51.821880340576, -3.0671310424805
 51.8239402771, -3.0869007110596
 51.819648742676, -3.1077575683594
 51.808681488037, -3.1251239776611
 51.804695129395, -3.1510448455811
 51.801433563232, -3.1687545776367
 51.801261901855, -3.1705570220947
 51.800651550293, -3.1739616394043
 51.799964904785, -3.1759929656982
 51.79859161377, -3.1750774383545
 51.797618865967, -3.1746768951416
 51.796550750732, -3.1746482849121
 51.796493530273, -3.1732177734375
 51.796531677246, -3.1640338897705
 51.794738769531, -3.1430339813232
 51.792602539062, -3.1325340270996
 51.792602539062, -3.1325340270996
 51.792602539062, -3.1325340270996
 51.792602539062, -3.1325340270996
 51.771603752612, -3.1046361544431
 51.771603752612, -3.1046361544431
 51.771603752612, -3.1046361544431
 51.771603752612, -3.1046361544431
 51.771603752612, -3.1046361544431
 51.771603752612, -3.1046361544431
 51.771603752612, -3.1046361544431
 51.771603752612, -3.1046361544431
 51.771603752612, -3.1046361544431
 51.771603752612, -3.1046361544431
 51.771603752612, -3.1046361544431
 51.771603752612, -3.1046361544431
 51.771603752612, -3.1046361544431
 51.771603752612, -3.1046361544431
 51.771603752612, -3.1046361544431
 51.771603752612, -3.1046361544431
 51.771603752612, -3.1046361544431
 51.771603752612, -3.1046361544431
 51.771603752612, -3.1046361544431
 51.771603752612, -3.1046361544431
 51.771603752612, -3.1046361544431
 51.771603752612, -3.1046361544431
 51.771603752612, -3.1046361544431
 51.771603752612, -3.1046361544431
 51.771603752612, -3.1046361544431
 51.771603752612, -3.1046361544431
 51.771603752612, -3.1046361544431
 51.771603752612, -3.1046361544431
 51.771603752612, -3.1046361544431
 51.772575378418, -3.1063270568848
 51.773338317871, -3.1050395965576
 51.773338317871, -3.1050395965576
 51.773338317871, -3.1050395965576
 51.773338317871, -3.1050395965576
 51.773338317871, -3.1050395965576
 51.775069338237, -3.1017208374794
 51.775629275662, -3.1004539010663
 51.775504845724, -3.0940991088987
 51.775550948491, -3.0930783346545
 51.775998969088, -3.0900525610734
 51.77411, -3.08949
 51.77305, -3.08685
 51.77152, -3.08544
 51.77123, -3.08218
 51.77091, -3.08151
 51.76902, -3.07724
 51.768672665872, -3.076046296705
 51.735019683838, -3.0582618713379
 51.733264923096, -3.0584907531738
 51.731185913086, -3.0584049224854
 51.731185913086, -3.0584049224854
 51.731185913086, -3.0584049224854
 51.731185913086, -3.0584049224854
 51.731185913086, -3.0584049224854
 51.72389, -3.05864
 51.715812683105, -3.0587768554688
 51.714267730713, -3.0570602416992
 51.712589263916, -3.0554008483887
 51.711235046387, -3.0536842346191
 51.709995269775, -3.0516529083252
 51.708793640137, -3.0491924285889
 51.707878112793, -3.0463314056396
 51.707134246826, -3.0431270599365
 51.706047058105, -3.0420684814453
 51.706047058105, -3.0420684814453
 51.706047058105, -3.0420684814453
 51.706047058105, -3.0420684814453
 51.706047058105, -3.0420684814453
 51.70268, -3.04073
 51.698684692383, -3.0321979522705
 51.693172454834, -3.0213260650635
 51.678886413574, -3.0111980438232
 51.661815643311, -3.0007839202881
 51.642074584961, -3.0016994476318
 51.622905731201, -3.0040740966797
 51.604423522949, -2.9938888549805
 51.592750549316, -2.9963207244873
 51.590194702148, -2.9948902130127
 51.590194702148, -2.9948902130127
 51.588134765625, -2.99391746521
 51.586971282959, -2.9922008514404
 51.585445404053, -2.9899120330811
 51.58390045166, -2.9875087738037
 51.581573486328, -2.9853057861328
 51.581077575684, -2.9859638214111
 51.582660675049, -2.9890537261963
 51.583194732666, -2.9896831512451
 51.584129333496, -2.9918575286865
 51.582927703857, -2.9926872253418
 51.584796905518, -2.9950618743896
 51.586513519287, -2.9968929290771
 51.58655166626, -2.9968643188477
 51.584358215332, -2.9972076416016
 51.583366394043, -2.9976367950439
 51.580982208252, -3.0013847351074
 51.57922744751, -3.0040740966797
 51.577796936035, -3.0050468444824
 51.576557159424, -3.0060768127441
 51.575412750244, -3.0079078674316
 51.574535369873, -3.0093383789062
 51.572380065918, -3.0128002166748
 51.571674346924, -3.0134582519531
 51.570510864258, -3.0142307281494
 51.568393707275, -3.0201816558838
 51.566371917725, -3.0336284637451
 51.561088562012, -3.0344295501709
 51.560192108154, -3.0324268341064
 51.560192108154, -3.0338001251221
 51.559791564941, -3.0342578887939
 51.559791564941, -3.0342864990234
 51.559791564941, -3.0342292785645
 51.559791564941, -3.0342292785645
 51.559772491455, -3.034086227417
 51.559734344482, -3.0341148376465
 51.559734344482, -3.034086227417
 51.559753417969, -3.0341148376465
 51.559753417969, -3.0341148376465
 51.559753417969, -3.0341148376465
 51.559753417969, -3.0341148376465
 51.559753417969, -3.0341148376465
 51.560346706269, -3.0332952572955
 51.560346706269, -3.0332952572955
 51.560346706269, -3.0332952572955
 51.560346706269, -3.0332952572955
 51.560897827148, -3.0349159240723
 51.555957794189, -3.0416679382324
 51.550979614258, -3.0624103546143
 51.540870666504, -3.0866146087646
 51.532688140869, -3.0966854095459
 51.529216766357, -3.103723526001
 51.52811050415, -3.1060695648193
 51.526870727539, -3.109073638916
 51.525325775146, -3.1120491027832
 51.523532867432, -3.1137943267822
 51.522083282471, -3.114709854126
 51.520290374756, -3.1156539916992
 51.518878936768, -3.1166839599609
 51.51782989502, -3.118371963501
 51.516799926758, -3.1202602386475
 51.515960693359, -3.1218338012695
 51.514015197754, -3.1242656707764
 51.512413024902, -3.1260395050049
 51.510372161865, -3.1290435791016
 51.508808135986, -3.1320762634277
 51.506824493408, -3.1340789794922
 51.50426864624, -3.1367969512939
 51.503505706787, -3.1379127502441
 51.502723693848, -3.1383991241455
 51.501770019531, -3.1388282775879
 51.500930786133, -3.1394290924072
 51.499042510986, -3.1406593322754
 51.498203277588, -3.1412601470947
 51.49600982666, -3.1426048278809
 51.494255065918, -3.1440353393555
 51.492328643799, -3.1470108032227
 51.491394042969, -3.1493282318115
 51.491222381592, -3.1535339355469
 51.490936279297, -3.1561946868896
 51.488723754883, -3.1581974029541
 51.486053466797, -3.1616878509521
 51.484432220459, -3.1663513183594
 51.483249664307, -3.1691265106201
 51.48416519165, -3.1721878051758
 51.48416519165, -3.1755065917969
 51.484222412109, -3.178882598877
 51.482925415039, -3.1792545318604
 51.48136138916, -3.1799983978271
 51.481113433838, -3.1805419921875
 51.481037139893, -3.1804275512695
 51.47912979126, -3.1787109375
 51.478786468506, -3.1784534454346
 51.478786468506, -3.178596496582
 51.47762298584, -3.1784248352051
 51.476287841797, -3.1823444366455
 51.476039886475, -3.1830024719238
 51.476802825928, -3.1871223449707
 51.477279663086, -3.1879234313965
 51.478805541992, -3.1887245178223
 51.480236053467, -3.1888389587402
 51.481075286865, -3.1863498687744
 51.48099899292, -3.1846904754639
 51.480941772461, -3.1844615936279
 51.480941772461, -3.1844615936279
 51.480770111084, -3.1843757629395
 51.480979919434, -3.1840324401855
