 53.025302886963, -2.1739482879639
 53.028469085693, -2.1748065948486
 53.029537200928, -2.1775245666504
 53.029727935791, -2.1795845031738
 53.030967712402, -2.1816158294678
 53.031806945801, -2.1828460693359
 53.032989501953, -2.1847057342529
 53.034687042236, -2.1871662139893
 53.035545349121, -2.1882247924805
 53.036766052246, -2.1889400482178
 53.038444519043, -2.1900844573975
 53.040390014648, -2.1918869018555
 53.04271697998, -2.1940040588379
 53.044624328613, -2.1957778930664
 53.045520782471, -2.1978950500488
 53.044414520264, -2.2004413604736
 53.043594360352, -2.2022724151611
 53.04328918457, -2.2051048278809
 53.043613433838, -2.2082233428955
 53.044967651367, -2.2118854522705
 53.043975830078, -2.213716506958
 53.042163848877, -2.2142028808594
 53.040733337402, -2.2146034240723
 53.042087554932, -2.2201824188232
 53.059177398682, -2.2369766235352
 53.063106536865, -2.2548007965088
 53.065509796143, -2.2739696502686
 53.065509796143, -2.2739696502686
 53.065509796143, -2.2739696502686
 53.065509796143, -2.2739696502686
 53.097390978778, -2.4261926992439
 53.095626831055, -2.4149894714355
 53.097114562988, -2.4251461029053
 53.097438812256, -2.4274635314941
 53.097667694092, -2.4305248260498
 53.097496032715, -2.433557510376
 53.097991943359, -2.4360466003418
 53.098411560059, -2.4401092529297
 53.097076416016, -2.4413108825684
 53.094902038574, -2.4417114257812
 53.091926574707, -2.4414253234863
 53.089866638184, -2.4412250518799
 53.0885887146, -2.4400234222412
 53.089275360107, -2.4363899230957
 53.089714050293, -2.4337005615234
 53.090591430664, -2.4312114715576
 53.090915679932, -2.4274349212646
 53.091487884521, -2.4245738983154
 53.092651367188, -2.4208545684814
 53.094024658203, -2.4181938171387
 53.09814453125, -2.4117565155029
 53.114967346191, -2.3910427093506
 53.121204376221, -2.3788547515869
 53.127632141113, -2.3688983917236
 53.153553009033, -2.3400020599365
 53.157978057861, -2.3151683807373
 53.163528442383, -2.2862434387207
 53.159942626953, -2.2590065002441
 53.164405822754, -2.2489356994629
 53.164501190186, -2.2470760345459
 53.164463043213, -2.2432422637939
 53.164329528809, -2.239351272583
 53.164310455322, -2.2368049621582
 53.164329528809, -2.2342014312744
 53.164310455322, -2.2315120697021
 53.164596557617, -2.2291088104248
 53.164691925049, -2.2262191772461
 53.164539337158, -2.2238159179688
 53.165035247803, -2.2215270996094
 53.1662940979, -2.2199249267578
 53.168277740479, -2.2161197662354
 53.169136047363, -2.2141456604004
 53.170013427734, -2.2100830078125
 53.171405792236, -2.208309173584
 53.17310333252, -2.208080291748
 53.17419052124, -2.2081661224365
 53.176021575928, -2.2046756744385
 53.176250457764, -2.204418182373
 53.179473876953, -2.2014141082764
 53.179473876953, -2.2014141082764
 53.179473876953, -2.2014141082764
 53.242473602295, -2.1502017974854
 53.246269226074, -2.1455955505371
 53.248691558838, -2.1429347991943
 53.25122833252, -2.1416473388672
 53.252735137939, -2.1409320831299
 53.253631591797, -2.1406173706055
 53.255748748779, -2.1399021148682
 53.25719833374, -2.1389865875244
 53.258075714111, -2.1380138397217
 53.259887695312, -2.1377277374268
 53.259830474854, -2.1400737762451
 53.259792327881, -2.1431636810303
 53.259677886963, -2.1450519561768
 53.259906768799, -2.1475410461426
 53.259906768799, -2.1475410461426
 53.260326385498, -2.1538352966309
 53.260021209717, -2.1566677093506
 53.260021209717, -2.1566677093506
 53.259296417236, -2.1612167358398
 53.259449005127, -2.1649932861328
 53.259334564209, -2.1703433990479
 53.260688781738, -2.2026443481445
 53.264045715332, -2.2340297698975
 53.265190124512, -2.2685050964355
 53.272590637207, -2.2884750366211
 53.282489776611, -2.3174285888672
 53.28540802002, -2.332649230957
 53.29553604126, -2.356653213501
 53.29553604126, -2.356653213501
 53.29553604126, -2.356653213501
 53.298091888428, -2.3618602752686
 53.29927444458, -2.3636627197266
 53.299789428711, -2.3647212982178
 53.301258087158, -2.3679256439209
 53.301620483398, -2.3686122894287
 53.301334381104, -2.3730182647705
 53.302783966064, -2.3741626739502
 53.302783966064, -2.3741626739502
 53.30774307251, -2.3807430267334
 53.308181762695, -2.3814296722412
 53.309078216553, -2.383918762207
 53.310203552246, -2.3851776123047
 53.312034606934, -2.3864364624023
 53.323974609375, -2.3963356018066
 53.335113525391, -2.3910140991211
 53.340110778809, -2.3815727233887
 53.331832885742, -2.3815441131592
 53.331832885742, -2.3815441131592
 53.33179473877, -2.3886966705322
 53.331336975098, -2.3888969421387
 53.331489562988, -2.3889541625977
 53.331489562988, -2.3890113830566
 53.331527709961, -2.3890113830566
 53.331470489502, -2.3890113830566
 53.331451416016, -2.3889827728271
 53.331489562988, -2.3889827728271
 53.331508636475, -2.3889827728271
 53.331489562988, -2.3890113830566
 53.331489562988, -2.3890113830566
 53.340473175049, -2.380485534668
 53.329486846924, -2.3971080780029
 53.329734802246, -2.4094104766846
 53.314208984375, -2.417163848877
 53.320922851562, -2.4380493164062
 53.332214355469, -2.4765014648438
 53.350086212158, -2.5020790100098
 53.344783782959, -2.5350379943848
 53.334789276123, -2.5695991516113
 53.330955505371, -2.6129150390625
 53.326206207275, -2.6435279846191
 53.339672088623, -2.6360034942627
 53.349342346191, -2.6503658294678
 53.343391418457, -2.6802635192871
 53.340873718262, -2.7199459075928
 53.340148925781, -2.7291011810303
 53.341693878174, -2.7315902709961
 53.341293334961, -2.7350521087646
 53.340339660645, -2.7353954315186
 53.340129852295, -2.7330207824707
 53.339443206787, -2.7350807189941
 53.338432312012, -2.7369403839111
 53.339939117432, -2.739143371582
 53.342838287354, -2.739429473877
 53.345184326172, -2.7384567260742
 53.347187042236, -2.737455368042
 53.349571228027, -2.7369689941406
 53.35147857666, -2.7377414703369
 53.353710174561, -2.7383422851562
 53.355827331543, -2.7385139465332
 53.355865478516, -2.7385139465332
 53.356838226318, -2.7375411987305
 53.357410430908, -2.7344226837158
 53.359279632568, -2.7345943450928
 53.359546661377, -2.7311611175537
 53.359661102295, -2.7297306060791
 53.364963531494, -2.7192306518555
 53.375759124756, -2.7028369903564
 53.378772735596, -2.6745986938477
 53.384208679199, -2.651424407959
 53.388328552246, -2.6293659210205
 53.389225006104, -2.6104259490967
 53.388729095459, -2.6093101501465
 53.388710021973, -2.6059913635254
 53.388633728027, -2.6023292541504
 53.388595581055, -2.5990104675293
 53.388748168945, -2.5972080230713
 53.390369415283, -2.5976943969727
 53.391571044922, -2.5932025909424
 53.391513824463, -2.5932598114014
 53.392791748047, -2.5937175750732
 53.394298553467, -2.5940322875977
 53.395805358887, -2.5940895080566
 53.395919799805, -2.5948905944824
 53.396072387695, -2.59446144104
 53.395900726318, -2.5970935821533
 53.396453857422, -2.5969791412354
 53.395767211914, -2.5953197479248
 53.396511077881, -2.5942325592041
 53.397998809814, -2.5942325592041
 53.399658203125, -2.5943470001221
 53.402519226074, -2.59446144104
 53.404979705811, -2.5939178466797
 53.405094146729, -2.5901985168457
 53.404788970947, -2.589111328125
 53.404808044434, -2.5890827178955
 53.404808044434, -2.589054107666
 53.404788970947, -2.5890827178955
 53.404788970947, -2.589111328125
 53.404788970947, -2.5890827178955
 53.404750823975, -2.589054107666
 53.404750823975, -2.589054107666
 53.404750823975, -2.589054107666
 53.404750823975, -2.589054107666
 53.404750823975, -2.589054107666
 53.404615189086, -2.5904107884645
 53.404615189086, -2.5904107884645
 53.404615189086, -2.5904107884645
 53.404615189086, -2.5904107884645
 53.404615189086, -2.5904107884645
 53.404615189086, -2.5904107884645
 53.404615189086, -2.5904107884645
 53.404615189086, -2.5904107884645
 53.404615189086, -2.5904107884645
 53.404769897461, -2.5890827178955
 53.404788970947, -2.5891399383545
 53.404788970947, -2.5890827178955
 53.404865264893, -2.5929164886475
 53.411540985107, -2.5973510742188
 53.414325714111, -2.6122283935547
 53.414936065674, -2.6143741607666
 53.415451049805, -2.6123142242432
 53.416385650635, -2.6113128662109
 53.41625213623, -2.611083984375
 53.416328430176, -2.6109981536865
 53.416347503662, -2.6109409332275
 53.416328430176, -2.6109409332275
 53.416309356689, -2.610912322998
 53.416328430176, -2.610912322998
 53.415260314941, -2.6119709014893
 53.415069580078, -2.6145458221436
 53.414192199707, -2.6117706298828
 53.415946960449, -2.5985527038574
 53.428020477295, -2.5949478149414
 53.442611694336, -2.5803565979004
 53.457221984863, -2.5702571868896
 53.46321105957, -2.5718021392822
 53.463535308838, -2.5720596313477
 53.465614318848, -2.5702857971191
 53.465614318848, -2.5702857971191
 53.465614318848, -2.5702857971191
 53.465614318848, -2.5702857971191
 53.465614318848, -2.5702857971191
 53.472728729248, -2.5775241851807
 53.473815917969, -2.5790405273438
 53.475017547607, -2.5812721252441
 53.475761413574, -2.5828456878662
 53.476238250732, -2.5836181640625
 53.476810455322, -2.5844764709473
 53.478088378906, -2.5859928131104
 53.479671478271, -2.5880527496338
 53.48014831543, -2.5888252258301
 53.482437133789, -2.5930881500244
 53.483772277832, -2.594747543335
 53.489723205566, -2.5934600830078
 53.489723205566, -2.5934600830078
 53.489723205566, -2.5934600830078
 53.489723205566, -2.5934600830078
 53.489723205566, -2.5934600830078
 53.507289886475, -2.5924587249756
 53.509674072266, -2.592945098877
 53.511161804199, -2.5950050354004
 53.513774871826, -2.5962924957275
 53.514919281006, -2.5967502593994
 53.514919281006, -2.5967502593994
 53.51936340332, -2.5984668731689
 53.522796630859, -2.6017570495605
 53.530673980713, -2.6152610778809
 53.537559509277, -2.6206111907959
 53.538665771484, -2.6210689544678
 53.54248046875, -2.6243591308594
 53.542766571045, -2.6245594024658
 53.542900085449, -2.6289653778076
 53.5422706604, -2.6294803619385
 53.540782928467, -2.6321125030518
 53.542232513428, -2.6346015930176
 53.542995452881, -2.6355171203613
 53.544387817383, -2.6333141326904
 53.545742034912, -2.6316261291504
 53.544120788574, -2.6291942596436
 53.544826507568, -2.627420425415
 53.546028137207, -2.6246452331543
 53.547477722168, -2.6212406158447
 53.54564666748, -2.6181507110596
 53.545398712158, -2.6141166687012
 53.54549407959, -2.6107692718506
 53.54549407959, -2.6107692718506
 53.54549407959, -2.6107406616211
 53.54549407959, -2.6107406616211
 53.54549407959, -2.6107406616211
 53.545475006104, -2.6107406616211
 53.545455932617, -2.6107692718506
 53.544597625732, -2.6077938079834
 53.539600372314, -2.5954627990723
 53.537216186523, -2.5897121429443
 53.536357879639, -2.5862503051758
 53.535594940186, -2.5839614868164
 53.53515625, -2.5809860229492
 53.535099029541, -2.5791835784912
 53.53572845459, -2.5776958465576
 53.536987304688, -2.576208114624
 53.536987304688, -2.576208114624
 53.536987304688, -2.576208114624
 53.536987304688, -2.576208114624
 53.540993337202, -2.5627646143162
 53.540363311768, -2.5650215148926
 53.54118347168, -2.5619316101074
 53.541278839111, -2.561559677124
 53.542060852051, -2.5467681884766
 53.542766571045, -2.5384140014648
 53.543968200684, -2.534236907959
 53.543605804443, -2.5302028656006
 53.545436859131, -2.5281143188477
 53.5475730896, -2.5264549255371
 53.546810150146, -2.5220489501953
 53.547134399414, -2.5212478637695
 53.547859191895, -2.5204181671143
 53.548603057861, -2.5204753875732
 53.548851013184, -2.5219345092773
 53.548946380615, -2.5243091583252
 53.548774719238, -2.5259971618652
 53.547229766846, -2.5248241424561
 53.546886444092, -2.5229644775391
 53.546829223633, -2.5136375427246
 53.550281524658, -2.4993896484375
 53.557815551758, -2.486515045166
 53.559703826904, -2.4824810028076
 53.560218811035, -2.4807071685791
 53.561210632324, -2.477445602417
 53.562297821045, -2.4743270874023
 53.563613891602, -2.4722099304199
 53.56517791748, -2.4694347381592
 53.566761016846, -2.4662017822266
 53.567810058594, -2.4631404876709
 53.568820953369, -2.4604797363281
 53.569450378418, -2.4572467803955
 53.570346832275, -2.4544143676758
 53.571281433105, -2.4510669708252
 53.572235107422, -2.4475765228271
 53.572731018066, -2.4453735351562
 53.573246002197, -2.4413108825684
 53.573913574219, -2.4385929107666
 53.574619293213, -2.4361610412598
 53.575038909912, -2.4346446990967
