 51.067409515381, -1.797924041748
 51.067581176758, -1.7990684509277
 51.06840133667, -1.8007564544678
 51.068801879883, -1.8050765991211
 51.072216033936, -1.805419921875
 51.073131561279, -1.8106842041016
 51.073665618896, -1.8134593963623
 51.074028015137, -1.8159198760986
 51.074867248535, -1.8198394775391
 51.075439453125, -1.8225288391113
 51.07593536377, -1.8251895904541
 51.080989837646, -1.8488216400146
 51.081275939941, -1.8519973754883
 51.081275939941, -1.856803894043
 51.079654693604, -1.8591499328613
 51.080074310303, -1.864070892334
 51.082305908203, -1.8675899505615
 51.082019805908, -1.8707942962646
 51.081676483154, -1.8737125396729
 51.08097076416, -1.8768310546875
 51.080303192139, -1.880578994751
 51.081962585449, -1.9142246246338
 51.081962585449, -1.9142246246338
 51.081962585449, -1.9142246246338
 51.080360708057, -1.9193594565
 51.080360708057, -1.9193594565
 51.058580649876, -1.9853238649602
 51.080360708057, -1.9193594565
 51.05284, -1.99745
 51.052753946606, -1.9985765214624
 51.080360708057, -1.9193594565
 51.080360708057, -1.9193594565
 51.080360708057, -1.9193594565
 51.006717731226, -2.1238601489437
 51.00588, -2.12537
 51.080360708057, -1.9193594565
 51.00203, -2.1379
 51.080360708057, -1.9193594565
 51.000366210938, -2.1708869934082
 51.000556945801, -2.1764087677002
 51.000556945801, -2.1764087677002
 51.000556945801, -2.1764087677002
 51.000556945801, -2.1764087677002
 51.080360708057, -1.9193594565
 51.00352, -2.18967
 51.00524, -2.1928
 51.080360708057, -1.9193594565
 51.080360708057, -1.9193594565
 51.009063720703, -2.1922302246094
 51.00305557251, -2.1854496002197
 51.080360708057, -1.9193594565
 51.001625061035, -2.1847057342529
 51.001625061035, -2.1847057342529
 51.001625061035, -2.1847057342529
 51.080360708057, -1.9193594565
 51.080360708057, -1.9193594565
 50.95462760873, -2.1920686104533
 51.080360708057, -1.9193594565
 50.94898, -2.19137
 50.947956452464, -2.1922445391273
 51.080360708057, -1.9193594565
 51.080360708057, -1.9193594565
 51.080360708057, -1.9193594565
 51.080360708057, -1.9193594565
 51.080360708057, -1.9193594565
 51.080360708057, -1.9193594565
 50.931619737821, -2.196202283671
 51.080360708057, -1.9193594565
 50.932960510254, -2.1944904327393
 50.932960510254, -2.1944904327393
 51.080360708057, -1.9193594565
 50.898017883301, -2.1972370147705
 50.893363952637, -2.1933460235596
 50.886249542236, -2.1976375579834
 51.080360708057, -1.9193594565
 50.886249542236, -2.1976375579834
 50.880055666731, -2.1957525371951
 50.865101446549, -2.1703182370645
 50.86285, -2.16805
 50.86171, -2.167
 50.86062, -2.16489
 50.85896, -2.16218
 50.85594, -2.16547
 50.85473, -2.16681
 50.85278, -2.16672
 51.080360708057, -1.9193594565
 50.850269174228, -2.1597925420485
 50.850931136134, -2.1588144852191
 51.080360708057, -1.9193594565
 50.850882557274, -2.1585836773767
 51.080360708057, -1.9193594565
 50.850882557274, -2.1585836773767
 51.080360708057, -1.9193594565
 50.850882557274, -2.1585836773767
 50.849755226952, -2.1601779127844
 51.080360708057, -1.9193594565
 50.802574157715, -2.2264194488525
 50.802211761475, -2.2274780273438
 51.080360708057, -1.9193594565
 50.799999237061, -2.2328281402588
 50.77766, -2.28011
 51.080360708057, -1.9193594565
 51.080360708057, -1.9193594565
 50.751820022879, -2.3454633312405
 50.75009, -2.34743
 51.080360708057, -1.9193594565
 50.748848351047, -2.3503518077641
 51.080360708057, -1.9193594565
 50.721048579929, -2.4092542321173
 50.719777058107, -2.4044412272592
 51.080360708057, -1.9193594565
 50.720977783203, -2.4090957641602
 51.080360708057, -1.9193594565
 50.720081329346, -2.4060916900635
 51.080360708057, -1.9193594565
 50.718513460547, -2.4046239256035
 51.080360708057, -1.9193594565
 51.080360708057, -1.9193594565
 51.080360708057, -1.9193594565
 50.719032287598, -2.4031162261963
 50.719032287598, -2.4031162261963
 51.080360708057, -1.9193594565
 50.718513460547, -2.4046239256035
 51.080360708057, -1.9193594565
 50.718513460547, -2.4046239256035
 50.718513460547, -2.4046239256035
 51.080360708057, -1.9193594565
 50.718513460547, -2.4046239256035
 50.718513460547, -2.4046239256035
 51.080360708057, -1.9193594565
 51.080360708057, -1.9193594565
 50.718513460547, -2.4046239256035
 50.719032287598, -2.4031448364258
 50.720062255859, -2.4057483673096
 50.720310211182, -2.4121856689453
 51.080360708057, -1.9193594565
 51.080360708057, -1.9193594565
 50.716228485107, -2.4271774291992
 50.716228485107, -2.4271774291992
 51.080360708057, -1.9193594565
 50.712375640869, -2.455358505249
 50.712242126465, -2.4585914611816
 51.080360708057, -1.9193594565
 51.080360708057, -1.9193594565
 50.712146759033, -2.4716663360596
 50.712089538574, -2.4873161315918
 51.080360708057, -1.9193594565
 51.080360708057, -1.9193594565
 51.080360708057, -1.9193594565
 51.080360708057, -1.9193594565
 50.719966888428, -2.6027297973633
 50.723171234131, -2.6317119598389
 50.727558135986, -2.6695346832275
 50.732612609863, -2.707986831665
 51.080360708057, -1.9193594565
 50.735282897949, -2.7418899536133
 50.732841491699, -2.7496147155762
 50.733375549316, -2.7562522888184
 50.73371887207, -2.7591705322266
 50.734119415283, -2.7616024017334
 51.080360708057, -1.9193594565
 50.734329223633, -2.7682399749756
 50.734672546387, -2.7718734741211
 51.080360708057, -1.9193594565
 51.080360708057, -1.9193594565
 50.731544494629, -2.8097248077393
 50.731544494629, -2.8097248077393
 50.7321, -2.81862
 51.080360708057, -1.9193594565
 50.744285583496, -2.9234504699707
 50.736026763916, -2.9317474365234
 51.080360708057, -1.9193594565
 51.080360708057, -1.9193594565
 50.727787017822, -2.9311752319336
 50.726699829102, -2.9311752319336
 50.724773406982, -2.9328918457031
 50.724716186523, -2.9382419586182
 50.724430084229, -2.940502166748
 50.724143981934, -2.9412460327148
 50.724182128906, -2.9412460327148
 50.724182128906, -2.9412460327148
 50.72416305542, -2.9412460327148
 50.724182128906, -2.9412460327148
 50.724143981934, -2.9411888122559
 50.724143981934, -2.9411888122559
 50.724143981934, -2.9411888122559
 50.724182128906, -2.9412460327148
 50.71891404961, -2.9379548801151
 50.724182128906, -2.9412460327148
 50.72416305542, -2.9412174224854
 50.72416305542, -2.9411888122559
 50.724182128906, -2.9412460327148
 50.72416305542, -2.9411888122559
 50.724143981934, -2.9411888122559
 51.064945614476, -1.7985190908196
 50.733909606934, -2.9322624206543
 50.744476318359, -2.9255104064941
 50.74182510376, -2.9046821594238
 50.741958618164, -2.8718376159668
 50.74089050293, -2.8458023071289
 50.74089050293, -2.8458023071289
 50.74089050293, -2.8458023071289
 50.724792480469, -2.7754783630371
 50.721263885498, -2.7570533752441
 50.721263885498, -2.7570533752441
 50.705223083496, -2.7321624755859
 50.704002380371, -2.7299308776855
 50.703258514404, -2.7277565002441
 50.701026916504, -2.7274131774902
 50.700969696045, -2.7245235443115
 50.699977874756, -2.7216339111328
 50.696029663086, -2.7143096923828
 50.693778991699, -2.691593170166
 50.692443847656, -2.6798915863037
 50.681171417236, -2.6499080657959
 50.678119659424, -2.6391792297363
 50.669898986816, -2.6191520690918
 50.669898986816, -2.6191520690918
 50.669898986816, -2.6191520690918
 50.669898986816, -2.6191520690918
 50.669898986816, -2.6191520690918
 50.66573, -2.60971
 50.66624, -2.60565
 50.66639, -2.60393
 50.66619, -2.60012
 50.66561, -2.597
 50.665233964784, -2.594476030901
 50.666869036067, -2.569054298136
 50.66782, -2.56843
 50.646324157715, -2.5344657897949
 50.632991790771, -2.523136138916
 50.624504089355, -2.5098037719727
 50.62349319458, -2.506799697876
 50.622482299805, -2.504825592041
 50.621089935303, -2.5030517578125
 50.619201660156, -2.5015068054199
 50.617637634277, -2.5013637542725
 50.615291595459, -2.499475479126
 50.614356994629, -2.4985885620117
 50.612659454346, -2.4949264526367
 50.611743927002, -2.4906349182129
 50.611133575439, -2.4888038635254
 50.609798431396, -2.4858856201172
 50.607967376709, -2.4852848052979
 50.605869293213, -2.4845695495605
 50.603637695312, -2.4829387664795
 50.601921081543, -2.4814510345459
 50.600509643555, -2.4805927276611
 50.598983764648, -2.4783039093018
 50.597114562988, -2.4771595001221
 50.595626831055, -2.4758434295654
 50.593299865723, -2.4746131896973
 50.590667724609, -2.473669052124
 50.58910369873, -2.4724674224854
 50.587005615234, -2.4726390838623
 50.585289001465, -2.4720668792725
 50.584392547607, -2.4717807769775
 50.582637786865, -2.4710941314697
 50.580940246582, -2.4703216552734
 50.580940246582, -2.4703216552734
 50.57933807373, -2.4692630767822
 50.577545166016, -2.4678039550781
 50.570678710938, -2.4597644805908
 50.570640563965, -2.4575614929199
 50.570774078369, -2.4569034576416
 50.570850372314, -2.4569606781006
 50.570869445801, -2.4570178985596
 50.572872161865, -2.4636840820312
 50.585327148438, -2.472095489502
 50.572230124487, -2.4515569363012
 50.572230124487, -2.4515569363012
 50.572230124487, -2.4515569363012
 50.572230124487, -2.4515569363012
 50.598219820114, -2.4296416306304
 50.598219820114, -2.4296416306304
 50.598219820114, -2.4296416306304
 50.603605487108, -2.4289037931651
 50.608756417963, -2.4331463585906
 50.611214617999, -2.4373889240161
 50.611822309462, -2.4469725447807
 50.621910095215, -2.4523830413818
 50.621910095215, -2.4523830413818
 50.621910095215, -2.4523830413818
 50.621910095215, -2.4523830413818
 50.621910095215, -2.4523830413818
