 50.821514129639, -0.1373291015625
 50.821533203125, -0.13738632202148
 50.822944641113, -0.13638496398926
 50.824546813965, -0.13684272766113
 50.827007293701, -0.13538360595703
 50.829524993896, -0.13575553894043
 50.831089019775, -0.13627052307129
 50.832595825195, -0.13767242431641
 50.835399627686, -0.14153480529785
 50.837097167969, -0.14476776123047
 50.839233398438, -0.14871597290039
 50.839805603027, -0.14968872070312
 50.841941833496, -0.15117645263672
 50.843238830566, -0.15137672424316
 50.845718383789, -0.15151977539062
 50.847434997559, -0.1523494720459
 50.849018096924, -0.15280723571777
 50.851898193359, -0.15377998352051
 50.854301452637, -0.15509605407715
 50.855503082275, -0.15440940856934
 50.867481231689, -0.15615463256836
 50.888118743896, -0.1640510559082
 50.899391174316, -0.16980171203613
 50.93074798584, -0.19543647766113
 50.956954956055, -0.19357681274414
 50.982494354248, -0.19832611083984
 51.043567657471, -0.19909858703613
 51.064281463623, -0.20421981811523
 51.086406707764, -0.19838333129883
 51.097946166992, -0.19260406494141
 51.097068786621, -0.19211769104004
 51.097068786621, -0.19208908081055
 51.097068786621, -0.19203186035156
 51.097087860107, -0.19211769104004
 51.097087860107, -0.19208908081055
 51.097145080566, -0.19208908081055
 51.097068786621, -0.19214630126953
 51.097049713135, -0.19208908081055
 51.097087860107, -0.19206047058105
 51.097106933594, -0.19206047058105
 51.098003387451, -0.19331932067871
 51.104125976562, -0.19363403320312
 51.106033325195, -0.19251823425293
 51.108131408691, -0.1915454864502
 51.110153198242, -0.19074440002441
 51.113128662109, -0.19054412841797
 51.115474700928, -0.18808364868164
 51.11644744873, -0.18424987792969
 51.116981506348, -0.18130302429199
 51.118202209473, -0.17898559570312
 51.120853424072, -0.17543792724609
 51.12268447876, -0.17372131347656
 51.123390197754, -0.17257690429688
 51.123390197754, -0.17257690429688
 51.127300262451, -0.16671180725098
 51.132869720459, -0.1399040222168
 51.13431930542, -0.12448310852051
 51.135292053223, -0.12436866760254
 51.135292053223, -0.12436866760254
 51.1399269104, -0.11618614196777
 51.139297485352, -0.11180877685547
 51.138973236084, -0.10992050170898
 51.138439178467, -0.10826110839844
 51.137962341309, -0.10643005371094
 51.137199401855, -0.1036548614502
 51.137199401855, -0.1036548614502
 51.137199401855, -0.1036548614502
 51.14058, -0.04911
 51.14048, -0.0485
 51.1399269104, -0.042572021484375
 51.137733459473, -0.035247802734375
 51.135902404785, -0.031185150146484
 51.134433746338, -0.026779174804688
 51.133594512939, -0.023975372314453
 51.132049560547, -0.02039909362793
 51.130275726318, -0.017709732055664
 51.128463745117, -0.014190673828125
 51.127147674561, -0.011873245239258
 51.125049591064, -0.0086402893066406
 51.124534606934, -0.0032329559326172
 51.127262115479, -0.0036907196044922
 51.128787994385, -0.0039482116699219
 51.131134033203, -0.0040912628173828
 51.132755279541, -0.0016021728515625
 51.134376525879, -0.00074386596679688
 51.135807037354, 0.0016021728515625
 51.137561798096, 0.0040340423583984
 51.137580871582, 0.0089550018310547
 51.13712310791, 0.01190185546875
 51.135997772217, 0.019454956054688
 51.135997772217, 0.019454956054688
 51.135997772217, 0.019454956054688
 51.137703514087, 0.0084621600196767
 51.137703514087, 0.0084621600196767
 51.130206312365, 0.24726034529638
 51.130206312365, 0.24726034529638
 51.130206312365, 0.24726034529638
 51.130599975586, 0.22384643554688
 51.130599975586, 0.22384643554688
 51.130599975586, 0.22384643554688
 51.1336, 0.25794
 51.13395690918, 0.25829315185547
 51.135311126709, 0.26029586791992
 51.137161254883, 0.2618408203125
 51.136131286621, 0.26387214660645
 51.134166717529, 0.26370048522949
 51.132316589355, 0.26341438293457
 51.131153106689, 0.26347160339355
 51.131153106689, 0.26347160339355
 51.12357, 0.24825
 51.123600006104, 0.2483081817627
 51.123600006104, 0.2483081817627
 51.118030548096, 0.24410247802734
 51.108741760254, 0.23574829101562
 51.086807250977, 0.20041465759277
 51.086807250977, 0.20041465759277
 51.086807250977, 0.20041465759277
 51.05324, 0.17911
 51.052284240723, 0.17921447753906
 51.051464080811, 0.17841339111328
 51.0520362854, 0.17663955688477
 51.05260848999, 0.1750659942627
 51.05525970459, 0.17274856567383
 51.055240631104, 0.17277717590332
 51.055221557617, 0.17277717590332
 51.055240631104, 0.17274856567383
 51.055221557617, 0.17274856567383
 51.055221557617, 0.17271995544434
 51.055221557617, 0.17271995544434
 51.055221557617, 0.17271995544434
 51.05478, 0.17566
 51.05478, 0.17566
 51.05478, 0.17566
 51.05478, 0.17566
 51.05478, 0.17566
 51.05478, 0.17566
 51.05478, 0.17566
 51.05478, 0.17566
 51.05478, 0.17566
 51.05478, 0.17566
 51.055221557617, 0.17271995544434
 51.055278778076, 0.17277717590332
 51.055240631104, 0.17274856567383
 51.055145263672, 0.17269134521484
 51.055145263672, 0.17269134521484
 51.055145263672, 0.17269134521484
 51.053905487061, 0.17020225524902
 51.054039001465, 0.16994476318359
 51.054039001465, 0.16994476318359
 51.054039001465, 0.16994476318359
 51.06058, 0.16169
 51.05979, 0.15895
 51.05873, 0.15748
 51.056003570557, 0.15523910522461
 51.054878234863, 0.15446662902832
 51.054573059082, 0.15426635742188
 51.054573059082, 0.15426635742188
 51.054573059082, 0.15426635742188
 50.884101818499, 0.020990268367129
 50.884101818499, 0.020990268367129
 50.884101818499, 0.020990268367129
 50.950260162354, 0.093984603881836
 50.950260162354, 0.093984603881836
 50.879554748535, 0.021257400512695
 50.875797271729, 0.019168853759766
 50.875682830811, 0.017480850219727
 50.875568389893, 0.015335083007812
 50.874900817871, 0.013790130615234
 50.874824523926, 0.013847351074219
 50.872993469238, 0.010099411010742
 50.872039794922, 0.0066661834716797
 50.872230529785, 0.0028896331787109
 50.872802734375, -0.0030612945556641
 50.870819091797, -0.0084972381591797
 50.86986541748, -0.010814666748047
 50.869255065918, -0.012016296386719
 50.867176055908, -0.021543502807617
 50.864753723145, 0.018224716186523
 50.855751037598, 0.047550201416016
 50.83345413208, 0.14362335205078
 50.82447052002, 0.17566680908203
 50.824432373047, 0.23818016052246
 50.825595855713, 0.26593208312988
 50.809574127197, 0.27972221374512
 50.793685913086, 0.28816223144531
 50.783462524414, 0.27162551879883
 50.780334472656, 0.27663230895996
 50.778617858887, 0.27829170227051
 50.777835845947, 0.27997970581055
 50.776519775391, 0.28166770935059
 50.775241851807, 0.28553009033203
 50.773143768311, 0.28653144836426
 50.772190093994, 0.28767585754395
 50.772190093994, 0.28767585754395
 50.770072937012, 0.28761863708496
 50.770072937012, 0.28761863708496
 50.76753616333, 0.29268264770508
 50.769119262695, 0.29468536376953
 50.773105621338, 0.29914855957031
 50.77693939209, 0.30444145202637
 50.77709197998, 0.30404090881348
 50.77709197998, 0.30404090881348
 50.77731, 0.30398
 50.77879, 0.30828
 50.781478881836, 0.31208038330078
 50.783576965332, 0.31336784362793
 50.785713195801, 0.31362533569336
 50.793800354004, 0.31702995300293
 50.795249938965, 0.31886100769043
 50.79906463623, 0.32584190368652
 50.809230804443, 0.34303665161133
 50.811042785645, 0.34810066223145
 50.812110900879, 0.35107612609863
 50.814552307129, 0.35061836242676
 50.816802978516, 0.34629821777344
 50.816917419434, 0.34592628479004
 50.818576812744, 0.34014701843262
 50.837955474854, 0.36558151245117
 50.84587097168, 0.39751052856445
 50.844841003418, 0.42391777038574
 50.844955444336, 0.43367385864258
 50.84358215332, 0.43936729431152
 50.843067169189, 0.44265747070312
 50.843067169189, 0.44265747070312
 50.843067169189, 0.44265747070312
 50.838356018066, 0.45510292053223
 50.838623046875, 0.45807838439941
 50.836277008057, 0.46274185180664
 50.836601257324, 0.4661750793457
 50.837078094482, 0.46937942504883
 50.837821960449, 0.47255516052246
 50.837821960449, 0.47490119934082
 50.838279724121, 0.4768180847168
 50.840091705322, 0.47713279724121
 50.841808319092, 0.47965049743652
 50.843772888184, 0.48402786254883
 50.845546722412, 0.48454284667969
 50.844497680664, 0.50602912902832
 50.849323272705, 0.51876068115234
 50.850391387939, 0.52116394042969
 50.851097106934, 0.52342414855957
 50.851726531982, 0.5284595489502
 50.85147857666, 0.53134918212891
 50.851573944092, 0.53890228271484
 50.850887298584, 0.54285049438477
 50.850658416748, 0.54694175720215
 50.850772857666, 0.55008888244629
 50.850830078125, 0.55289268493652
 50.850830078125, 0.55289268493652
 50.850830078125, 0.55289268493652
 50.850830078125, 0.55289268493652
 50.852470397949, 0.5657958984375
 50.852947235107, 0.56934356689453
 50.853366851807, 0.5720329284668
 50.85470199585, 0.58098793029785
 50.854663848877, 0.58101654052734
