 50.51454913904, -2.458850171958
 50.51454913904, -2.458850171958
 50.51454913904, -2.458850171958
 50.513657799354, -2.4569816883332
 50.515071648512, -2.4560950444016
 50.517236818479, -2.4557682625385
 50.519067309176, -2.4551650714574
 50.519965479052, -2.4521715276102
 50.52640914917, -2.4411392211914
 50.52640914917, -2.4411392211914
 50.531406402588, -2.4434280395508
 50.532836914062, -2.4441146850586
 50.535087585449, -2.446231842041
 50.537548065186, -2.4451732635498
 50.539474487305, -2.4447441101074
 50.540828704834, -2.4448299407959
 50.543231964111, -2.4447154998779
 50.545482635498, -2.4442005157471
 50.546417236328, -2.4436283111572
 50.546684265137, -2.4403667449951
 50.546092987061, -2.4377059936523
 50.547008514404, -2.4359035491943
 50.548992156982, -2.4361610412598
 50.554218292236, -2.4394226074219
 50.555839538574, -2.4415683746338
 50.555839538574, -2.4417114257812
 50.555820465088, -2.4417686462402
 50.554981231689, -2.4423694610596
 50.555095672607, -2.4440860748291
 50.556697845459, -2.4423694610596
 50.556697845459, -2.4423694610596
 50.556697845459, -2.4423694610596
 50.556697845459, -2.4423694610596
 50.559329986572, -2.4456024169922
 50.560741424561, -2.4478054046631
 50.562877655029, -2.4495220184326
 50.563983917236, -2.4512386322021
 50.572147369385, -2.4629402160645
 50.587005615234, -2.4726104736328
 50.597324371338, -2.4746131896973
 50.597953796387, -2.4734115600586
 50.599002838135, -2.4697780609131
 50.599555969238, -2.468318939209
 50.60022354126, -2.4648284912109
 50.600490570068, -2.4623394012451
 50.600833892822, -2.4587345123291
 50.602626800537, -2.4591064453125
 50.603580474854, -2.4583053588867
 50.604000091553, -2.4547004699707
 50.604724884033, -2.4527549743652
 50.605964660645, -2.4526405334473
 50.606727600098, -2.4540996551514
 50.606880187988, -2.4593353271484
 50.606937408447, -2.4611663818359
 50.606918334961, -2.4611377716064
 50.606918334961, -2.4611377716064
 50.606918334961, -2.4611377716064
 50.606918334961, -2.4611663818359
 50.60718536377, -2.4607086181641
 50.608806610107, -2.4594783782959
 50.61056137085, -2.4589061737061
 50.612850189209, -2.4591064453125
 50.614700317383, -2.457447052002
 50.614986419678, -2.4552726745605
 50.615482330322, -2.4523258209229
 50.616588592529, -2.4517822265625
 50.61824798584, -2.4509239196777
 50.620002746582, -2.4511814117432
 50.620136260986, -2.4494361877441
 50.621967315674, -2.4474906921387
 50.624542236328, -2.4453735351562
 50.625076293945, -2.4460029602051
 50.625076293945, -2.4460029602051
 50.625057220459, -2.4460029602051
 50.625076293945, -2.4460315704346
 50.625076293945, -2.4460029602051
 50.625076293945, -2.4460029602051
 50.625057220459, -2.4459743499756
 50.625057220459, -2.4459743499756
 50.625057220459, -2.4459743499756
 50.625057220459, -2.4459743499756
 50.625057220459, -2.4459743499756
 50.625057220459, -2.4459743499756
 50.626792907715, -2.4412536621094
 50.633449554443, -2.4313545227051
 50.635280609131, -2.4322128295898
 50.635280609131, -2.4322128295898
 50.638465881348, -2.4324131011963
 50.641231536865, -2.431640625
 50.6418800354, -2.4313831329346
 50.645351409912, -2.4255466461182
 50.646419525146, -2.4215984344482
 50.646591186523, -2.4180793762207
 50.64624786377, -2.4147319793701
 50.644454956055, -2.3956775665283
 50.645046234131, -2.3885536193848
 50.652675628662, -2.365894317627
 50.667552947998, -2.3533344268799
 50.664501190186, -2.3192310333252
 50.66535949707, -2.2766590118408
 50.66535949707, -2.2766590118408
 50.66535949707, -2.2766590118408
 50.66535949707, -2.2766590118408
 50.659152797133, -2.2768932772939
 50.659152797133, -2.2768932772939
 50.659152797133, -2.2768932772939
 50.624045, -2.268494
 50.624045, -2.268494
 50.623741149902, -2.268590927124
 50.623779296875, -2.268590927124
 50.623779296875, -2.2685623168945
 50.623779296875, -2.268590927124
 50.623779296875, -2.2685623168945
 50.623779296875, -2.2685623168945
 50.623779296875, -2.2685623168945
 50.623779296875, -2.2685623168945
 50.623779296875, -2.2685623168945
 50.623760223389, -2.268533706665
 50.623760223389, -2.268533706665
 50.623760223389, -2.268533706665
 50.623760223389, -2.268533706665
 50.670032501221, -2.2555446624756
 50.670032501221, -2.2555446624756
 50.670032501221, -2.2555446624756
 50.670032501221, -2.2555446624756
 50.677574458561, -2.2314463723922
 50.677794075298, -2.2306134244265
 50.678456603648, -2.2291615823411
 50.680601283047, -2.2260766847138
 50.681325283099, -2.2235648826465
 50.682417409873, -2.2220371070815
 50.683174133301, -2.1288013458252
 50.678806304932, -2.1218776702881
 50.678806304932, -2.1218776702881
 50.678806304932, -2.1218776702881
 50.638134581882, -2.0564999496518
 50.637144204453, -2.0554333729243
 50.634866336365, -2.0539766216404
 50.632626034317, -2.0529866710975
 50.630645279457, -2.0519883962616
 50.629478671308, -2.0513781436558
 50.614166259766, -2.0000839233398
 50.609722137451, -1.9829750061035
 50.610160827637, -1.9807434082031
 50.611591339111, -1.9752502441406
 50.613231658936, -1.97021484375
 50.612735748291, -1.9666385650635
 50.612106323242, -1.9643783569336
 50.611763000488, -1.9615745544434
 50.612010955811, -1.9585704803467
 50.611743927002, -1.9578266143799
 50.609073638916, -1.9571399688721
 50.608310699463, -1.9587993621826
 50.608253479004, -1.9608879089355
 50.608253479004, -1.9662952423096
 50.609340667725, -1.9694995880127
 50.610542297363, -1.9759082794189
 50.610179901123, -1.9799995422363
 50.610122680664, -1.9810009002686
 50.609893798828, -1.9822025299072
 50.609664916992, -1.9830894470215
 50.609588623047, -1.9833469390869
 50.611114501953, -1.9839763641357
 50.611667633057, -1.9828605651855
 50.611629486084, -1.9828605651855
 50.611629486084, -1.9828319549561
 50.611629486084, -1.9828319549561
 50.611629486084, -1.9828319549561
 50.611629486084, -1.9828319549561
 50.611629486084, -1.9828319549561
 50.612017359129, -1.9579347341267
 50.612017359129, -1.9579347341267
 50.612017359129, -1.9579347341267
 50.612017359129, -1.9579347341267
 50.612017359129, -1.9579347341267
 50.612017359129, -1.9579347341267
 50.612017359129, -1.9579347341267
 50.612017359129, -1.9579347341267
 50.611591339111, -1.9828605651855
 50.611591339111, -1.982889175415
 50.609340667725, -1.9842338562012
 50.614261627197, -2.0001125335693
 50.62219619751, -2.0202255249023
 50.627002716064, -2.0480632781982
 50.627002716064, -2.0480632781982
 50.627002716064, -2.0480632781982
 50.627002716064, -2.0480632781982
 50.67027077833, -2.104318639297
 50.681190490723, -2.1095752716064
 50.68302154541, -2.1096038818359
 50.68302154541, -2.1096038818359
 50.68302154541, -2.1096038818359
 50.68302154541, -2.1096038818359
 50.686697226881, -2.1101916398305
 50.7008934021, -2.1070861816406
 50.702896118164, -2.1049404144287
 50.702896118164, -2.1049404144287
 50.703296661377, -2.1041679382324
 50.703296661377, -2.1041679382324
 50.709516764407, -2.0966978325995
 50.725383758545, -2.0750141143799
 50.73429107666, -2.0623970031738
 50.734596252441, -2.0603656768799
 50.734596252441, -2.0603656768799
 50.74047088623, -2.0449733734131
 50.74047088623, -2.0449733734131
 50.739822387695, -2.0370769500732
 50.738945007324, -2.0321846008301
 50.737533569336, -2.0280075073242
 50.737533569336, -2.0280075073242
 50.735111236572, -2.0255470275879
 50.735111236572, -2.0255470275879
 50.725315116449, -2.0155999231282
 50.723662210669, -2.0139399737164
 50.724239349365, -2.0145034790039
 50.719451904297, -2.0100975036621
 50.719451904297, -2.0100975036621
 50.714359283447, -2.0041751861572
 50.713920593262, -2.0025157928467
 50.715198516846, -1.9989109039307
 50.716075897217, -1.9945907592773
 50.71475982666, -1.9906997680664
 50.715656280518, -1.9883251190186
 50.712852478027, -1.9917583465576
 50.71216583252, -1.9897556304932
 50.712146759033, -1.9888687133789
 50.712070465088, -1.9875526428223
 50.712089538574, -1.986608505249
 50.712013244629, -1.9862651824951
 50.711860656738, -1.9826889038086
 50.711860656738, -1.9826889038086
 50.712108612061, -1.9743347167969
 50.712108612061, -1.9743347167969
 50.713806152344, -1.9717025756836
 50.713806152344, -1.9717311859131
 50.713310241699, -1.9722175598145
 50.714511871338, -1.9774532318115
 50.716075897217, -1.9765949249268
 50.718231201172, -1.9763088226318
 50.720520019531, -1.9707584381104
 50.720806121826, -1.9686985015869
 50.720806121826, -1.9686985015869
 50.722846984863, -1.9634056091309
 50.723514556885, -1.9567394256592
 50.723342895508, -1.9545936584473
 50.723419189453, -1.9517612457275
 50.724773406982, -1.9404602050781
 50.724601745605, -1.9365119934082
 50.724792480469, -1.9288158416748
 50.727043151855, -1.9244956970215
 50.728797912598, -1.924295425415
 50.729827880859, -1.9236660003662
 50.73184967041, -1.9223785400391
 50.733776092529, -1.9211769104004
 50.734729766846, -1.9204616546631
 50.734729766846, -1.9204616546631
 50.734729766846, -1.9204616546631
 50.734729766846, -1.9204616546631
 50.746413570795, -1.9105866184129
 50.746517181396, -1.9104480743408
 50.74520111084, -1.9037818908691
 50.744647979736, -1.9006633758545
 50.743980407715, -1.8978881835938
 50.743541717529, -1.8947124481201
 50.742778778076, -1.8925094604492
 50.74405670166, -1.8896484375
 50.746841430664, -1.8880748748779
 50.748901367188, -1.8871307373047
 50.751152038574, -1.8847274780273
 50.750598907471, -1.8810081481934
 50.750789642334, -1.8779468536377
 50.749778747559, -1.8771743774414
 50.747203826904, -1.8777751922607
 50.745887756348, -1.8779468536377
 50.74312210083, -1.8786334991455
 50.741786956787, -1.8789196014404
 50.740165710449, -1.8793773651123
 50.739440917969, -1.8767738342285
 50.738201141357, -1.8695640563965
 50.737648010254, -1.8667030334473
 50.736846923828, -1.8648433685303
 50.735149383545, -1.8679332733154
 50.735149383545, -1.8679332733154
 50.735149383545, -1.8679332733154
 50.734832985057, -1.8684616401502
 50.731049060257, -1.8730382937809
 50.72908538087, -1.8696266142905
 50.720291137695, -1.8697071075439
 50.719013214111, -1.8715381622314
 50.719013214111, -1.8715381622314
 50.719013214111, -1.8715381622314
 50.717658996582, -1.8792343139648
 50.718383789062, -1.8800926208496
 50.718383789062, -1.8800926208496
 50.718383789062, -1.8800926208496
 50.718383789062, -1.8800926208496
 50.716280786598, -1.8743476291881
