 51.269130706787, 0.53463935852051
 51.270160675049, 0.53455352783203
 51.270141601562, 0.53455352783203
 51.270561218262, 0.53092002868652
 51.270809173584, 0.52774429321289
 51.271800994873, 0.52854537963867
 51.273708343506, 0.52651405334473
 51.27405166626, 0.52339553833008
 51.27233505249, 0.51898956298828
 51.272068023682, 0.51864624023438
 51.272087097168, 0.51867485046387
 51.272068023682, 0.51864624023438
 51.272983551025, 0.51775932312012
 51.278739600119, 0.51616061983172
 51.277631000022, 0.51726284964714
 51.276825306733, 0.51773896591211
 51.275698685439, 0.51803202410822
 51.273119310098, 0.5173049438805
 51.272772195547, 0.51725304461775
 51.280078887939, 0.51838874816895
 51.285533905029, 0.51813125610352
 51.304225921631, 0.51238059997559
 51.323566436768, 0.50651550292969
 51.326808929443, 0.52554130554199
 51.328468322754, 0.56596755981445
 51.336078643799, 0.58244705200195
 51.360912322998, 0.5789852142334
 51.371269226074, 0.56585311889648
 51.373863220215, 0.55286407470703
 51.374816894531, 0.55220603942871
 51.376991271973, 0.55048942565918
 51.378498077393, 0.5485725402832
 51.38313293457, 0.54471015930176
 51.385250091553, 0.54433822631836
 51.387634277344, 0.5449104309082
 51.388759613037, 0.54316520690918
 51.389541625977, 0.5409049987793
 51.390075683594, 0.53750038146973
 51.390705108643, 0.53669929504395
 51.39181137085, 0.53435325622559
 51.392879486084, 0.53049087524414
 51.392116546631, 0.52742958068848
 51.389198303223, 0.52562713623047
 51.386775970459, 0.52445411682129
 51.384220123291, 0.52230834960938
 51.383190155029, 0.5167293548584
 51.383361816406, 0.51521301269531
 51.383457183838, 0.51398277282715
 51.383819580078, 0.51229476928711
 51.385097503662, 0.50554275512695
 51.386222839355, 0.50296783447266
 51.387462615967, 0.50145149230957
 51.389389038086, 0.50262451171875
 51.389617919922, 0.50299644470215
 51.389598846436, 0.50293922424316
 51.389617919922, 0.50293922424316
 51.389598846436, 0.50293922424316
 51.389770507812, 0.50296783447266
 51.389770507812, 0.50296783447266
 51.389694213867, 0.50296783447266
 51.390533447266, 0.50448417663574
 51.391830444336, 0.50136566162109
 51.394863128662, 0.49515724182129
 51.395473480225, 0.49289703369141
 51.396331787109, 0.48834800720215
 51.396598815918, 0.48491477966309
 51.398639678955, 0.48279762268066
 51.400337219238, 0.48153877258301
 51.402072906494, 0.48002243041992
 51.403388977051, 0.47847747802734
 51.405029296875, 0.47670364379883
 51.409530639648, 0.46194076538086
 51.410388946533, 0.45956611633301
 51.412792205811, 0.45473098754883
 51.414909362793, 0.4511833190918
 51.414909362793, 0.4511833190918
 51.428890228271, 0.41150093078613
 51.429615020752, 0.40225982666016
 51.430416107178, 0.3984260559082
 51.432952880859, 0.3929615020752
 51.434650421143, 0.39055824279785
 51.437568664551, 0.38752555847168
 51.439762115479, 0.37814140319824
 51.440753936768, 0.37576675415039
 51.439552307129, 0.37696838378906
 51.439628601074, 0.37642478942871
 51.44021987915, 0.37287712097168
 51.441707611084, 0.3724479675293
 51.442432403564, 0.36978721618652
 51.442451477051, 0.36781311035156
 51.441287994385, 0.36489486694336
 51.439895629883, 0.3629207611084
 51.437187194824, 0.35794258117676
 51.436443328857, 0.35745620727539
 51.434001922607, 0.3618049621582
 51.433620452881, 0.36463737487793
 51.432075500488, 0.36460876464844
 51.430149078369, 0.36458015441895
 51.428394317627, 0.3640079498291
 51.419334411621, 0.36031723022461
 51.418170928955, 0.34976005554199
 51.430015563965, 0.32054901123047
 51.43030166626, 0.30235290527344
 51.408805847168, 0.21454811096191
 51.383514404297, 0.22072792053223
 51.358432769775, 0.25362968444824
 51.361045837402, 0.26124000549316
 51.361217498779, 0.2618408203125
 51.361217498779, 0.26181221008301
 51.361217498779, 0.26181221008301
 51.361255645752, 0.26181221008301
 51.361255645752, 0.26181221008301
 51.361255645752, 0.26181221008301
 51.360031, 0.259262
 51.360031, 0.259262
 51.360031, 0.259262
 51.360031, 0.259262
 51.360031, 0.259262
 51.360031, 0.259262
 51.361255645752, 0.26181221008301
 51.363849639893, 0.26158332824707
 51.367244720459, 0.24999618530273
 51.354541778564, 0.25245666503906
 51.328086853027, 0.28521537780762
 51.31498336792, 0.30281066894531
 51.31498336792, 0.30281066894531
 51.31498336792, 0.30281066894531
 51.31498336792, 0.30281066894531
 51.31498336792, 0.30281066894531
 51.292508131094, 0.29984008482613
 51.292508131094, 0.29984008482613
 51.287601499461, 0.22471934641479
 51.28772525992, 0.2242753060378
 51.287212371826, 0.22968292236328
 51.287899017334, 0.22381782531738
 51.287899017334, 0.22381782531738
 51.287899017334, 0.22381782531738
 51.287899017334, 0.22381782531738
 51.287899017334, 0.22381782531738
 51.289138793945, 0.2054500579834
 51.288471221924, 0.19721031188965
 51.287040710449, 0.19543647766113
 51.285419464111, 0.19552230834961
 51.282997131348, 0.1948356628418
 51.282043457031, 0.19449234008789
 51.282043457031, 0.19449234008789
 51.282043457031, 0.19449234008789
 51.273491, 0.18944
 51.274471282959, 0.18796920776367
 51.275787353516, 0.18585205078125
 51.277503967285, 0.1816463470459
 51.277503967285, 0.1816463470459
 51.277503967285, 0.1816463470459
 51.283428, 0.16904
 51.281261, 0.16527
 51.28022, 0.16323
 51.279518, 0.16056
 51.279362, 0.15768
 51.27946235578, 0.15663482131665
 51.27946235578, 0.15663482131665
 51.27946235578, 0.15663482131665
 51.255986280791, -0.066149509347297
 51.255986280791, -0.066149509347297
 51.255051, -0.06631
 51.258525848389, -0.057907104492188
 51.25394821167, -0.066518783569336
 51.251106262207, -0.067005157470703
 51.248683929443, -0.066890716552734
 51.247844696045, -0.06749153137207
 51.247100830078, -0.078449249267578
 51.240749359131, -0.091009140014648
 51.240215301514, -0.095958709716797
 51.240634918213, -0.099506378173828
 51.240425109863, -0.10296821594238
 51.240329742432, -0.10574340820312
 51.24044418335, -0.10637283325195
 51.24044418335, -0.10637283325195
 51.24044418335, -0.10637283325195
 51.24044418335, -0.10637283325195
 51.24044418335, -0.10637283325195
 51.235694885254, -0.16127586364746
 51.238403320312, -0.16496658325195
 51.240196228027, -0.16702651977539
 51.242847442627, -0.16757011413574
 51.247291564941, -0.16819953918457
 51.247959136963, -0.17143249511719
 51.249542236328, -0.17429351806641
 51.25, -0.17354965209961
 51.25, -0.17349243164062
 51.249961853027, -0.17352104187012
 51.249961853027, -0.17352104187012
 51.249961853027, -0.17352104187012
 51.250172480258, -0.17260758124804
 51.250172480258, -0.17260758124804
 51.250172480258, -0.17260758124804
 51.250172480258, -0.17260758124804
 51.250172480258, -0.17260758124804
 51.250172480258, -0.17260758124804
 51.25, -0.17352104187012
 51.250057220459, -0.17349243164062
 51.249942779541, -0.17586708068848
 51.249332427979, -0.1790714263916
 51.248245239258, -0.18073081970215
 51.247863769531, -0.18519401550293
 51.246223449707, -0.18622398376465
 51.244792938232, -0.18834114074707
 51.243457794189, -0.19094467163086
 51.243457794189, -0.19094467163086
 51.243457794189, -0.19094467163086
 51.23893737793, -0.1981258392334
 51.238040924072, -0.20344734191895
 51.237926483154, -0.20487785339355
 51.237926483154, -0.20487785339355
 51.237926483154, -0.20487785339355
 51.239498, -0.21763
 51.23988, -0.2195
 51.243515014648, -0.24161338806152
 51.242237091064, -0.29594421386719
 51.23851776123, -0.30681610107422
 51.235866546631, -0.32160758972168
 51.235389709473, -0.32381057739258
 51.235198974609, -0.32486915588379
 51.235198974609, -0.32486915588379
 51.235198974609, -0.32486915588379
 51.22805, -0.33472
 51.227492684145, -0.33667452147478
 51.231098985622, -0.33813543773777
 51.2314, -0.34054
 51.226119995117, -0.36023139953613
 51.226119995117, -0.36023139953613
 51.220444791841, -0.45973581266636
 51.21467590332, -0.42025566101074
 51.218166351318, -0.44271469116211
 51.218166351318, -0.44271469116211
 51.218166351318, -0.44271469116211
 51.22129224408, -0.47067621704198
 51.22129224408, -0.47067621704198
 51.22428894043, -0.47879219055176
 51.220569610596, -0.49392700195312
 51.220569610596, -0.49392700195312
 51.220569610596, -0.49392700195312
 51.21166229248, -0.54757118225098
 51.212997436523, -0.56556701660156
 51.209106445312, -0.58070182800293
 51.199932098389, -0.58891296386719
 51.19930267334, -0.58982849121094
 51.199283599854, -0.58982849121094
 51.199264526367, -0.58985710144043
 51.19930267334, -0.58979988098145
 51.194515228271, -0.59635162353516
 51.193065643311, -0.59904098510742
 51.192150115967, -0.60144424438477
 51.192150115967, -0.60144424438477
 51.192150115967, -0.60144424438477
 51.192150115967, -0.60144424438477
 51.192150115967, -0.60144424438477
 51.185349, -0.61574
 51.184212, -0.61792
 51.18277, -0.62041
 51.183452606201, -0.61901092529297
 51.182193756104, -0.62107086181641
 51.181144714355, -0.6243896484375
 51.172580718994, -0.64639091491699
 51.180534362793, -0.65179824829102
 51.222515106201, -0.63300132751465
 51.235694885254, -0.60221672058105
 51.241436004639, -0.59672355651855
 51.240577697754, -0.59537887573242
 51.238822937012, -0.59280395507812
 51.237716674805, -0.59022903442383
 51.237468719482, -0.58765411376953
 51.237640380859, -0.58439254760742
 51.23706817627, -0.58284759521484
 51.23706817627, -0.58284759521484
 51.23706817627, -0.58284759521484
 51.235809326172, -0.57209014892578
 51.237525939941, -0.5668830871582
 51.237525939941, -0.5668830871582
 51.237525939941, -0.5668830871582
 51.237525939941, -0.5668830871582
