 51.865482330322, -2.2456741333008
 51.865501403809, -2.2457027435303
 51.865463256836, -2.2457027435303
 51.865501403809, -2.2457027435303
 51.866569519043, -2.2441291809082
 51.867065429688, -2.2412395477295
 51.867637634277, -2.2383213043213
 51.868267059326, -2.2346305847168
 51.868591308594, -2.2325420379639
 51.868934631348, -2.230052947998
 51.86918258667, -2.226734161377
 51.870746612549, -2.2250747680664
 51.872444152832, -2.2272205352783
 51.874504089355, -2.2317981719971
 51.875228881836, -2.2345161437988
 51.875705718994, -2.2373485565186
 51.875152587891, -2.2407531738281
 51.872692108154, -2.2411823272705
 51.870784759521, -2.2418403625488
 51.869029998779, -2.2421836853027
 51.869144439697, -2.2443294525146
 51.869678497314, -2.2474479675293
 51.869735717773, -2.2491359710693
 51.869468688965, -2.2512531280518
 51.868762969971, -2.2528839111328
 51.868934631348, -2.2548580169678
 51.869449615479, -2.2564888000488
 51.879997253418, -2.2671031951904
 51.879997253418, -2.2671031951904
 51.879997253418, -2.2671031951904
 51.879997253418, -2.2671031951904
 51.879997253418, -2.2671031951904
 51.889691602972, -2.2748062282105
 51.906986236572, -2.2937965393066
 51.914978027344, -2.2938537597656
 51.914978027344, -2.2938537597656
 51.92289352417, -2.2929668426514
 51.92289352417, -2.2929668426514
 51.92289352417, -2.2929668426514
 51.92289352417, -2.2929668426514
 51.92289352417, -2.2929668426514
 51.952245275816, -2.3023885701826
 51.953258514404, -2.3029518127441
 51.953258514404, -2.3029518127441
 51.953258514404, -2.3029518127441
 51.953258514404, -2.3029518127441
 51.953258514404, -2.3029518127441
 51.96269265374, -2.3049145558456
 51.962868751816, -2.3085342036515
 51.962860982421, -2.3092176182321
 51.962860982421, -2.3092176182321
 51.962860982421, -2.3092176182321
 52.031213903323, -2.4194297938736
 51.994132995605, -2.35671043396
 51.997737884521, -2.3644638061523
 52.003479003906, -2.3891258239746
 52.020244598389, -2.4104690551758
 52.03088760376, -2.4189949035645
 52.032127380371, -2.4206829071045
 52.034168243408, -2.4220848083496
 52.036609649658, -2.4225997924805
 52.038269042969, -2.4238014221191
 52.040615081787, -2.4246597290039
 52.043838500977, -2.426061630249
 52.04496383667, -2.4295234680176
 52.044696807861, -2.4327850341797
 52.044219970703, -2.4353885650635
 52.049236297607, -2.4470615386963
 52.051029205322, -2.4786472320557
 52.052364349365, -2.5054836273193
 52.052364349365, -2.5054836273193
 52.052364349365, -2.5054836273193
 52.052364349365, -2.5054836273193
 52.052364349365, -2.5054836273193
 52.068743895004, -2.6360162164682
 52.06657409668, -2.6320552825928
 52.06657409668, -2.6320552825928
 52.06657409668, -2.6320552825928
 52.06657409668, -2.6320552825928
 52.06564066436, -2.6485712550666
 52.065238952637, -2.6503086090088
 52.065773010254, -2.6536846160889
 52.066078186035, -2.6557159423828
 52.065906524658, -2.6580333709717
 52.065696716309, -2.6599502563477
 52.065315246582, -2.6618099212646
 52.064208984375, -2.6630115509033
 52.063484191895, -2.6635265350342
 52.058792114258, -2.6801776885986
 52.05867767334, -2.6820087432861
 52.05867767334, -2.684326171875
 52.05867767334, -2.684326171875
 52.05867767334, -2.684326171875
 52.05867767334, -2.684326171875
 52.05867767334, -2.684326171875
 52.062016254333, -2.6993716065571
 52.061080932617, -2.6964569091797
 52.062225341797, -2.6972007751465
 52.062225341797, -2.6972007751465
 52.062225341797, -2.6972007751465
 52.062225341797, -2.6972007751465
 52.062358856201, -2.6967716217041
 52.062358856201, -2.6967716217041
 52.062377929688, -2.6967716217041
 52.062377929688, -2.6967716217041
 52.062377929688, -2.6967716217041
 52.062377929688, -2.6967716217041
 52.062377929688, -2.6967716217041
 52.062016254333, -2.6993716065571
 52.062016254333, -2.6993716065571
 52.062016254333, -2.6993716065571
 52.062016254333, -2.6993716065571
 52.062016254333, -2.6993716065571
 52.062016254333, -2.6993716065571
 52.062016254333, -2.6993716065571
 52.062016254333, -2.6993716065571
 52.062016254333, -2.6993716065571
 52.062016254333, -2.6993716065571
 52.062016254333, -2.6993716065571
 52.062016254333, -2.6993716065571
 52.062016254333, -2.6993716065571
 52.062016254333, -2.6993716065571
 52.062072753906, -2.7006053924561
 52.061195373535, -2.7026081085205
 52.060031890869, -2.7057266235352
 52.059268951416, -2.7082443237305
 52.058372497559, -2.7106475830078
 52.057495117188, -2.7128791809082
 52.057495117188, -2.7128791809082
 52.055816650391, -2.7176570892334
 52.055282592773, -2.717399597168
 52.054576873779, -2.717399597168
 52.056255340576, -2.7206611633301
 52.059116363525, -2.7195167541504
 52.06090927124, -2.7185153961182
 52.063751220703, -2.7170276641846
 52.065410614014, -2.7195453643799
 52.066097259521, -2.7218055725098
 52.068176269531, -2.7222633361816
 52.070846557617, -2.7223205566406
 52.071723937988, -2.7222633361816
 52.073879241943, -2.7220344543457
 52.087440490723, -2.7235507965088
 52.10277557373, -2.728099822998
 52.121086120605, -2.731876373291
 52.14168548584, -2.7286148071289
 52.150554656982, -2.7241230010986
 52.150554656982, -2.7241230010986
 52.150554656982, -2.7241230010986
 52.150554656982, -2.7241230010986
 52.216814286981, -2.7391986343454
 52.216814286981, -2.7391986343454
 52.21923828125, -2.7397155761719
 52.220878601074, -2.7397727966309
 52.223224639893, -2.7395153045654
 52.225742340088, -2.7389144897461
 52.226943969727, -2.7412605285645
 52.227764129639, -2.7400588989258
 52.228679656982, -2.739200592041
 52.229881286621, -2.7396011352539
 52.231502532959, -2.7400016784668
 52.231540679932, -2.7372550964355
 52.234916687012, -2.7264976501465
 52.247657775879, -2.7166271209717
 52.267532348633, -2.7140808105469
 52.267532348633, -2.7140808105469
 52.304611206055, -2.6982307434082
 52.322807312012, -2.7108478546143
 52.341861724854, -2.7157115936279
 52.360458374023, -2.7189159393311
 52.362937927246, -2.717399597168
 52.364044189453, -2.7170276641846
 52.365436553955, -2.7147674560547
 52.367134094238, -2.7166271209717
 52.369079589844, -2.7180004119873
 52.371063232422, -2.719087600708
 52.370910644531, -2.7160549163818
 52.369499206543, -2.7146816253662
 52.370872497559, -2.7133083343506
 52.372589111328, -2.713508605957
 52.374248504639, -2.7131080627441
 52.374725341797, -2.7111911773682
 52.375335693359, -2.7088451385498
 52.376079559326, -2.7064990997314
 52.376079559326, -2.7064990997314
 52.376079559326, -2.7064990997314
 52.376079559326, -2.7064990997314
 52.376079559326, -2.7064990997314
 52.374678238125, -2.6024160804714
 52.374532507404, -2.5989181276781
 52.374867186622, -2.5959395248697
 52.375445255774, -2.5938656836406
 52.375445255774, -2.5938656836406
 52.379493713379, -2.5751495361328
 52.387161254883, -2.5545501708984
 52.387161254883, -2.5545501708984
 52.387161254883, -2.5545501708984
 52.387161254883, -2.5545501708984
 52.387161254883, -2.5545501708984
 52.378562318399, -2.4821611664586
 52.37937852588, -2.4796561945805
 52.380959714431, -2.4779345600228
 52.382028638873, -2.4756295846214
 52.382851676542, -2.4724913261412
 52.383288808582, -2.4720529133738
 52.371584834688, -2.4056468048805
 52.375354766846, -2.4238586425781
 52.375354766846, -2.4238586425781
 52.375354766846, -2.4238586425781
 52.375354766846, -2.4238586425781
 52.375354766846, -2.4238586425781
 52.36336856491, -2.3859329791198
 52.36272994232, -2.3831046404732
 52.362429414043, -2.3794778100239
 52.362299640468, -2.3768428511082
 52.3621664518, -2.3736529393224
 52.362115225389, -2.3705763659881
 52.362663612202, -2.368307936303
 52.371299787679, -2.334536357628
 52.371715054801, -2.3339947265672
 52.373296243353, -2.3330777736711
 52.375014035667, -2.3310980860289
 52.372188568115, -2.3337078094482
 52.373905181885, -2.3322200775146
 52.375259399414, -2.3291873931885
 52.375068664551, -2.3263263702393
 52.374992370605, -2.3242092132568
 52.374992370605, -2.3242092132568
 52.374992370605, -2.3242092132568
 52.374992370605, -2.3242092132568
 52.374992370605, -2.3242092132568
 52.375518165122, -2.3062389451376
 52.375518165122, -2.3062389451376
 52.375518165122, -2.3062389451376
 52.375518165122, -2.3062389451376
 52.375518165122, -2.3062389451376
 52.371249778525, -2.2967449406075
 52.369387386533, -2.2913733974136
 52.368415277572, -2.2852132343047
 52.368715089159, -2.2768508872826
 52.368715089159, -2.2768508872826
 52.37403787376, -2.2492101378053
 52.37403787376, -2.2492101378053
 52.375814282924, -2.2445899994053
 52.381106998883, -2.2405077518093
 52.38260269165, -2.2405529022217
 52.382640838623, -2.2405242919922
 52.382640838623, -2.2404956817627
 52.382640838623, -2.2405529022217
 52.382640838623, -2.2405242919922
 52.382640838623, -2.2405242919922
 52.382640838623, -2.2405242919922
 52.382640838623, -2.2405242919922
 52.382640838623, -2.2405242919922
 52.382640838623, -2.2405242919922
 52.384170060382, -2.2399412933512
 52.384170060382, -2.2399412933512
 52.384170060382, -2.2399412933512
 52.382621765137, -2.2405529022217
 52.382621765137, -2.2405529022217
 52.384586334229, -2.2400951385498
 52.384719848633, -2.2398948669434
 52.385330200195, -2.2420120239258
 52.385215759277, -2.2450160980225
 52.383518218994, -2.2469043731689
 52.382125854492, -2.2482490539551
 52.381114959717, -2.2495365142822
 52.380180358887, -2.2502517700195
 52.378940582275, -2.2504806518555
 52.377853393555, -2.2503662109375
 52.376327514648, -2.250337600708
 52.374744415283, -2.2495651245117
 52.372264862061, -2.2475337982178
 52.370262145996, -2.2445869445801
 52.368354797363, -2.2415828704834
 52.355403900146, -2.2316265106201
 52.355403900146, -2.2316265106201
 52.355403900146, -2.2316265106201
 52.311573028564, -2.2313976287842
 52.292366027832, -2.2283935546875
 52.281036376953, -2.2292518615723
 52.281036376953, -2.2292518615723
 52.266387939453, -2.188081741333
 52.262535095215, -2.1749496459961
 52.262535095215, -2.1749496459961
 52.26261138916, -2.1658802032471
 52.264366149902, -2.1638488769531
 52.265625, -2.1618175506592
 52.267169952393, -2.1602725982666
 52.2678565979, -2.1604442596436
 52.26806640625, -2.1561241149902
 52.267837524414, -2.1536350250244
 52.267169952393, -2.1529769897461
 52.266845703125, -2.1501159667969
 52.264862060547, -2.1502876281738
 52.263622283936, -2.151403427124
 52.261924743652, -2.1523475646973
 52.261924743652, -2.1523475646973
 52.261924743652, -2.1523475646973
 52.261924743652, -2.1523475646973
 52.261924743652, -2.1523475646973
 52.254263139756, -2.1591228873512
 52.231098280512, -2.1879080690008
 52.230237953013, -2.1896946006328
 52.229411500249, -2.1914713035906
 52.228072783376, -2.1947211929751
 52.227861047544, -2.1972445209866
 52.227843972074, -2.2007180990664
 52.227249745707, -2.2031812360358
 52.227916717529, -2.19895362854
 52.227478027344, -2.2024726867676
 52.225856781006, -2.2070789337158
 52.220764160156, -2.2145748138428
 52.215328216553, -2.2205829620361
 52.213954925537, -2.2216701507568
 52.212104797363, -2.222957611084
 52.209358215332, -2.224817276001
 52.208309173584, -2.2255897521973
 52.207164764404, -2.2268486022949
 52.205677032471, -2.2272205352783
 52.20495223999, -2.2271060943604
 52.2043800354, -2.2268486022949
 52.203636169434, -2.226505279541
 52.201805114746, -2.2256469726562
 52.200336456299, -2.224760055542
 52.198543548584, -2.2241592407227
 52.19690322876, -2.2230434417725
 52.195472717285, -2.2222137451172
 52.194137573242, -2.2215557098389
 52.192535400391, -2.2210121154785
 52.191333770752, -2.2206115722656
 52.191028594971, -2.2198104858398
 52.191600799561, -2.2174644470215
