 51.593742370605, -0.35345077514648
 51.593761444092, -0.35342216491699
 51.593799591064, -0.35342216491699
 51.593799591064, -0.35333633422852
 51.593112945557, -0.35216331481934
 51.592235565186, -0.34881591796875
 51.592788696289, -0.34452438354492
 51.593151092529, -0.3416633605957
 51.593379974365, -0.3398323059082
 51.593379974365, -0.3398323059082
 51.58724, -0.33208
 51.58423, -0.33204
 51.58268, -0.3314
 51.58167, -0.33036
 51.576633453369, -0.33296585083008
 51.574611663818, -0.33431053161621
 51.573715209961, -0.33594131469727
 51.57205581665, -0.33825874328613
 51.569690704346, -0.3398609161377
 51.565990447998, -0.33863067626953
 51.563816070557, -0.33536911010742
 51.56213760376, -0.33225059509277
 51.559677124023, -0.32827377319336
 51.558647155762, -0.32578468322754
 51.557502746582, -0.322265625
 51.556377410889, -0.31837463378906
 51.552314758301, -0.3123664855957
 51.552047729492, -0.31142234802246
 51.551914215088, -0.30575752258301
 51.552200317383, -0.30258178710938
 51.552028656006, -0.29989242553711
 51.552391052246, -0.29706001281738
 51.553688049316, -0.29033660888672
 51.553421020508, -0.28744697570801
 51.55481338501, -0.28630256652832
 51.554775238037, -0.27789115905762
 51.55740737915, -0.27651786804199
 51.558380126953, -0.27797698974609
 51.55834197998, -0.27791976928711
 51.558361053467, -0.27791976928711
 51.558380126953, -0.2779483795166
 51.55834197998, -0.27791976928711
 51.55834197998, -0.27791976928711
 51.55834197998, -0.27791976928711
 51.55834197998, -0.27791976928711
 51.56101792509, -0.28284510736627
 51.56101792509, -0.28284510736627
 51.56101792509, -0.28284510736627
 51.56101792509, -0.28284510736627
 51.55834197998, -0.27797698974609
 51.560764312744, -0.27920722961426
 51.561450958252, -0.28226852416992
 51.564025878906, -0.27857780456543
 51.565532684326, -0.27474403381348
 51.565532684326, -0.27056694030762
 51.5673828125, -0.26298522949219
 51.576690673828, -0.26269912719727
 51.578693389893, -0.26275634765625
 51.580791473389, -0.2625560760498
 51.582221984863, -0.26241302490234
 51.582622528076, -0.26032447814941
 51.582279205322, -0.25754928588867
 51.582412719727, -0.25445938110352
 51.583290100098, -0.25188446044922
 51.584300994873, -0.24796485900879
 51.583385467529, -0.24676322937012
 51.581153869629, -0.24410247802734
 51.579761505127, -0.2420711517334
 51.578826904297, -0.24055480957031
 51.579895019531, -0.23820877075195
 51.581802368164, -0.23503303527832
 51.581802368164, -0.23503303527832
 51.581802368164, -0.23503303527832
 51.581802368164, -0.23503303527832
 51.581802368164, -0.23503303527832
 51.58977100655, -0.22874976385502
 51.58977100655, -0.22874976385502
 51.59029006958, -0.2288818359375
 51.59029006958, -0.2288818359375
 51.590347290039, -0.22882461547852
 51.590366363525, -0.22885322570801
 51.590442657471, -0.22882461547852
 51.590347290039, -0.22885322570801
 51.590347290039, -0.22885322570801
 51.590347290039, -0.22885322570801
 51.590347290039, -0.22885322570801
 51.58977100655, -0.22874976385502
 51.58977100655, -0.22874976385502
 51.58977100655, -0.22874976385502
 51.58977100655, -0.22874976385502
 51.58977100655, -0.22874976385502
 51.58977100655, -0.22874976385502
 51.58977100655, -0.22874976385502
 51.590251922607, -0.22879600524902
 51.590385437012, -0.2288818359375
 51.590347290039, -0.22916793823242
 51.590137481689, -0.22828102111816
 51.589946746826, -0.22602081298828
 51.589851379395, -0.22233009338379
 51.5895652771, -0.2200984954834
 51.589813232422, -0.21612167358398
 51.590900421143, -0.21265983581543
 51.592178344727, -0.20988464355469
 51.593341827393, -0.2080249786377
 51.595611572266, -0.20462036132812
 51.596775054932, -0.20284652709961
 51.59797668457, -0.20015716552734
 51.600341796875, -0.19486427307129
 51.601982116699, -0.19277572631836
 51.60572052002, -0.18742561340332
 51.608829498291, -0.18259048461914
 51.610298156738, -0.1805591583252
 51.611728668213, -0.17858505249023
 51.613464355469, -0.17704010009766
 51.615238189697, -0.17672538757324
 51.617336273193, -0.17678260803223
 51.6188621521, -0.17672538757324
 51.620998382568, -0.17658233642578
 51.622714996338, -0.1764965057373
 51.62410736084, -0.17632484436035
 51.626224517822, -0.17569541931152
 51.627540588379, -0.17489433288574
 51.624660491943, -0.16828536987305
 51.622676849365, -0.16616821289062
 51.62166595459, -0.16505241394043
 51.620712280273, -0.16264915466309
 51.616077423096, -0.15915870666504
 51.61470413208, -0.15884399414062
 51.61470413208, -0.15884399414062
 51.61470413208, -0.15884399414062
 51.61470413208, -0.15884399414062
 51.617088317871, -0.14139175415039
 51.618556976318, -0.13938903808594
 51.619625091553, -0.1380443572998
 51.619625091553, -0.1380443572998
 51.624164581299, -0.13392448425293
 51.624889373779, -0.12771606445312
 51.624774932861, -0.12419700622559
 51.625080108643, -0.12442588806152
 51.625175476074, -0.12456893920898
 51.627006530762, -0.12557029724121
 51.627006530762, -0.12557029724121
 51.629581451416, -0.12785911560059
 51.630249023438, -0.12680053710938
 51.630306243896, -0.12682914733887
 51.630344390869, -0.12677192687988
 51.630306243896, -0.12680053710938
 51.630973815918, -0.12760162353516
 51.631011962891, -0.12774467468262
 51.632633209229, -0.12725830078125
 51.631927490234, -0.12516975402832
 51.631031036377, -0.12290954589844
 51.629543304443, -0.11967658996582
 51.629543304443, -0.11967658996582
 51.627311706543, -0.11341094970703
 51.626472473145, -0.1106071472168
 51.625576019287, -0.1069450378418
 51.623992919922, -0.10462760925293
 51.624031066895, -0.10231018066406
 51.625137329102, -0.10025024414062
 51.626586914062, -0.098934173583984
 51.627902984619, -0.098276138305664
 51.631755828857, -0.095443725585938
 51.634082794189, -0.094127655029297
 51.635513305664, -0.091953277587891
 51.636199951172, -0.089006423950195
 51.635837554932, -0.085973739624023
 51.633224487305, -0.080451965332031
 51.631374359131, -0.080337524414062
 51.630077362061, -0.078592300415039
 51.627883911133, -0.073184967041016
 51.626987457275, -0.069179534912109
 51.62525177002, -0.060396194458008
 51.623973846436, -0.060653686523438
 51.622943878174, -0.061283111572266
 51.621723175049, -0.061569213867188
 51.621074676514, -0.061855316162109
 51.618251800537, -0.063114166259766
 51.615428924561, -0.064144134521484
 51.609802246094, -0.066089630126953
 51.608028411865, -0.067720413208008
 51.605758666992, -0.068092346191406
 51.60400390625, -0.067920684814453
 51.601619720459, -0.0677490234375
 51.599998474121, -0.067977905273438
 51.598968505859, -0.067977905273438
 51.608028411865, -0.067720413208008
 51.594390869141, -0.070152282714844
 51.596126556396, -0.072183609008789
 51.597557067871, -0.073928833007812
 51.608028411865, -0.067720413208008
 51.608028411865, -0.067720413208008
 51.597957611084, -0.082740783691406
 51.608028411865, -0.067720413208008
 51.597995758057, -0.089206695556641
 51.598148345947, -0.09272575378418
 51.598834991455, -0.097360610961914
 51.599578857422, -0.10050773620605
 51.599102020264, -0.10256767272949
 51.598491668701, -0.10454177856445
 51.597194671631, -0.10940551757812
 51.608028411865, -0.067720413208008
 51.593208312988, -0.10685920715332
 51.608028411865, -0.067720413208008
 51.590042114258, -0.10428428649902
 51.589698791504, -0.10643005371094
 51.608028411865, -0.067720413208008
 51.588611602783, -0.11135101318359
 51.587886810303, -0.1142692565918
 51.587772369385, -0.1157283782959
 51.587677001953, -0.1161003112793
 51.608028411865, -0.067720413208008
 51.608028411865, -0.067720413208008
 51.587543487549, -0.1190185546875
 51.587543487549, -0.1190185546875
 51.587543487549, -0.1190185546875
 51.608028411865, -0.067720413208008
 51.608028411865, -0.067720413208008
 51.58676, -0.12763
 51.608028411865, -0.067720413208008
 51.608028411865, -0.067720413208008
 51.592845916748, -0.13195037841797
 51.592845916748, -0.13195037841797
 51.608028411865, -0.067720413208008
 51.595249176025, -0.12788772583008
 51.595230102539, -0.12785911560059
 51.595230102539, -0.12791633605957
 51.608028411865, -0.067720413208008
 51.608028411865, -0.067720413208008
 51.608028411865, -0.067720413208008
 51.608028411865, -0.067720413208008
 51.608028411865, -0.067720413208008
 51.608028411865, -0.067720413208008
 51.608028411865, -0.067720413208008
 51.608028411865, -0.067720413208008
 51.608028411865, -0.067720413208008
 51.608028411865, -0.067720413208008
 51.608028411865, -0.067720413208008
 51.608028411865, -0.067720413208008
 51.608028411865, -0.067720413208008
 51.608028411865, -0.067720413208008
 51.608028411865, -0.067720413208008
 51.608028411865, -0.067720413208008
 51.608028411865, -0.067720413208008
 51.608028411865, -0.067720413208008
 51.608028411865, -0.067720413208008
 51.608028411865, -0.067720413208008
 51.608028411865, -0.067720413208008
 51.608028411865, -0.067720413208008
 51.608028411865, -0.067720413208008
 51.608028411865, -0.067720413208008
 51.608028411865, -0.067720413208008
 51.608028411865, -0.067720413208008
 51.608028411865, -0.067720413208008
 51.608028411865, -0.067720413208008
 51.608028411865, -0.067720413208008
 51.608028411865, -0.067720413208008
 51.608028411865, -0.067720413208008
 51.608028411865, -0.067720413208008
 51.608028411865, -0.067720413208008
 51.608028411865, -0.067720413208008
 51.608028411865, -0.067720413208008
 51.608028411865, -0.067720413208008
 51.608028411865, -0.067720413208008
 51.608028411865, -0.067720413208008
 51.608028411865, -0.067720413208008
 51.608028411865, -0.067720413208008
 51.608028411865, -0.067720413208008
 51.608028411865, -0.067720413208008
 51.608028411865, -0.067720413208008
 51.608028411865, -0.067720413208008
 51.608028411865, -0.067720413208008
 51.608028411865, -0.067720413208008
 51.608028411865, -0.067720413208008
 51.608028411865, -0.067720413208008
