 50.716361999512, -1.8763160705566
 50.716381072998, -1.8763732910156
 50.717334747314, -1.8734550476074
 50.718288421631, -1.8715953826904
 50.717792510986, -1.8684768676758
 50.718383789062, -1.8646144866943
 50.718765258789, -1.8618965148926
 50.719356536865, -1.8569755554199
 50.719661712646, -1.85471534729
 50.720195770264, -1.8510246276855
 50.722217559814, -1.8501663208008
 50.723571777344, -1.8489360809326
 50.726051330566, -1.8415260314941
 50.727062225342, -1.8416118621826
 50.727615356445, -1.8415546417236
 50.728340148926, -1.8388080596924
 50.728359222412, -1.8379783630371
 50.727577209473, -1.8358325958252
 50.728206634521, -1.8334579467773
 50.729236602783, -1.8295383453369
 50.73055267334, -1.8260478973389
 50.731563568115, -1.8235015869141
 50.73335647583, -1.8191242218018
 50.734634399414, -1.8168067932129
 50.735721588135, -1.8147754669189
 50.738010406494, -1.8115997314453
 50.739479064941, -1.8098831176758
 50.740623474121, -1.8087100982666
 50.74275970459, -1.8042755126953
 50.742988586426, -1.8018436431885
 50.742168426514, -1.7991542816162
 50.741024017334, -1.7956066131592
 50.740203857422, -1.7931175231934
 50.739555358887, -1.7916584014893
 50.739555358887, -1.7916584014893
 50.739555358887, -1.7916584014893
 50.739555358887, -1.7916584014893
 50.73429, -1.77336
 50.73486, -1.77117
 50.73541, -1.76792
 50.737777505475, -1.7690887007506
 50.737777505475, -1.7690887007506
 50.737777505475, -1.7690887007506
 50.87128868707, -1.5839698025974
 50.755825042725, -1.7117786407471
 50.79568862915, -1.6799640655518
 50.79568862915, -1.6799640655518
 50.827198028564, -1.6501235961914
 50.849914550781, -1.6342163085938
 50.849914550781, -1.6342163085938
 50.872039794922, -1.5790271759033
 50.872535705566, -1.5775108337402
 50.872535705566, -1.5775108337402
 50.869541168213, -1.5735340118408
 50.86483001709, -1.5731048583984
 50.86483001709, -1.5731048583984
 50.827007293701, -1.5715599060059
 50.825214385986, -1.5713596343994
 50.823192596436, -1.5716171264648
 50.821514129639, -1.5703296661377
 50.821342468262, -1.5706157684326
 50.821437835693, -1.5705013275146
 50.821342468262, -1.5706157684326
 50.821361541748, -1.5705871582031
 50.821380615234, -1.5704441070557
 50.821380615234, -1.5705013275146
 50.821323394775, -1.5705585479736
 50.821342468262, -1.5705585479736
 50.821342468262, -1.5705585479736
 50.821342468262, -1.5705585479736
 50.821342468262, -1.5705585479736
 50.81787, -1.57209
 50.817756652832, -1.5720462799072
 50.801849365234, -1.5724754333496
 50.76976776123, -1.5517616271973
 50.765762329102, -1.5517044067383
 50.764007568359, -1.5512752532959
 50.76265335083, -1.5509605407715
 50.761299133301, -1.5505886077881
 50.759544372559, -1.5499305725098
 50.758609771729, -1.5495300292969
 50.757102966309, -1.547327041626
 50.75834274292, -1.5415477752686
 50.758857727051, -1.5391159057617
 50.759792327881, -1.5387153625488
 50.762844085693, -1.5372562408447
 50.764007568359, -1.5349674224854
 50.758514404297, -1.5293598175049
 50.757846832275, -1.5291595458984
 50.757827758789, -1.5291309356689
 50.757808685303, -1.5291881561279
 50.756714, -1.528816
 50.756714, -1.528816
 50.756714, -1.528816
 50.756714, -1.528816
 50.754486, -1.527529
 50.749489, -1.518431
 50.745148, -1.517057
 50.74015, -1.510191
 50.737541, -1.508131
 50.735802, -1.507444
 50.735802, -1.507444
 50.735802, -1.507444
 50.707275, -1.500406
 50.707275, -1.500406
 50.707275, -1.500406
 50.707275, -1.500406
 50.706432, -1.500728
 50.706432, -1.500728
 50.749073028564, -1.5190315246582
 50.705795288086, -1.5008354187012
 50.706432, -1.500728
 50.705604553223, -1.5008640289307
 50.705661773682, -1.5008926391602
 50.699729919434, -1.5155410766602
 50.690574645996, -1.5288734436035
 50.687618255615, -1.5328216552734
 50.685863494873, -1.5347671508789
 50.684604644775, -1.5368270874023
 50.683937072754, -1.5378570556641
 50.682716369629, -1.5388584136963
 50.679111480713, -1.5428924560547
 50.67798614502, -1.5444374084473
 50.675983428955, -1.545524597168
 50.673770904541, -1.5484142303467
 50.66831863932, -1.566410052659
 50.66831863932, -1.566410052659
 50.66831863932, -1.566410052659
 50.66831863932, -1.566410052659
 50.669050325387, -1.5695091526039
 50.669123033724, -1.5694836596223
 50.669123033724, -1.5694836596223
 50.668366039849, -1.5663663425541
 50.668366039849, -1.5663663425541
 50.668366039849, -1.5663663425541
 50.668366039849, -1.5663663425541
 50.668366039849, -1.5663663425541
 50.668366039849, -1.5663663425541
 50.68042755127, -1.5404891967773
 50.68998336792, -1.530647277832
 50.699272155762, -1.516284942627
 50.705013275146, -1.5019226074219
 50.705585479736, -1.5006065368652
 50.705585479736, -1.5006065368652
 50.705585479736, -1.5006065368652
 50.705585479736, -1.5006065368652
 50.705881788336, -1.493123697703
 50.706672668457, -1.4781475067139
 50.701084136963, -1.437292098999
 50.701522827148, -1.4132308959961
 50.7008934021, -1.3899421691895
 50.702934265137, -1.3631057739258
 50.703964233398, -1.3355541229248
 50.703792572021, -1.323823928833
 50.699462890625, -1.3215351104736
 50.699462890625, -1.3215351104736
 50.694103240967, -1.3196754455566
 50.69221496582, -1.3154411315918
 50.69221496582, -1.3154411315918
 50.693321228027, -1.3069725036621
 50.695247650146, -1.3039398193359
 50.697231292725, -1.3005638122559
 50.699615478516, -1.296272277832
 50.700244903564, -1.2935829162598
 50.700397491455, -1.2916374206543
 50.701198577881, -1.2892913818359
 50.702781677246, -1.2882900238037
 50.704364776611, -1.2874317169189
 50.705413818359, -1.2863159179688
 50.707473754883, -1.2841987609863
 50.708923339844, -1.2825679779053
 50.709762573242, -1.2814807891846
 50.711479187012, -1.2802505493164
 50.723857879639, -1.2604236602783
 50.736923217773, -1.2685203552246
 50.748519897461, -1.2759017944336
 50.74951171875, -1.2760162353516
 50.750102996826, -1.2748718261719
 50.750102996826, -1.2748718261719
 50.750102996826, -1.2748718261719
 50.750102996826, -1.2748718261719
 50.752639770508, -1.2776184082031
 50.753936767578, -1.2780475616455
 50.753879547119, -1.278018951416
 50.753917694092, -1.2787628173828
 50.755615234375, -1.2833118438721
 50.756587982178, -1.2856864929199
 50.75756072998, -1.2865734100342
 50.758323669434, -1.2880611419678
 50.758361816406, -1.2884044647217
 50.759113, -1.290572
 50.759113, -1.290572
 50.759113, -1.290572
 50.759113, -1.290572
 50.76133, -1.292095
 50.769157, -1.294456
 50.775944, -1.296494
 50.775944, -1.296494
 50.794434, -1.296473
 50.794434, -1.296473
 50.807995, -1.292439
 50.819817, -1.29776
 50.83234, -1.312437
 50.83234, -1.312437
 50.839119, -1.321878
 50.839119, -1.321878
 50.839119, -1.321878
 50.849903, -1.33956
 50.849903, -1.33956
 50.857056, -1.352777
 50.862854, -1.364708
 50.862854, -1.364708
 50.875526, -1.386938
 50.886089, -1.401958
 50.895996, -1.406336
 50.895996, -1.406336
 50.895996, -1.406336
 50.895996, -1.406336
 50.896511077881, -1.406421661377
 50.896854400635, -1.4066505432129
 50.897235870361, -1.4066505432129
 50.898208618164, -1.4061069488525
 50.900077819824, -1.4058494567871
 50.900325775146, -1.404333114624
 50.902309417725, -1.4043045043945
 50.90295791626, -1.404275894165
 50.904941558838, -1.4015293121338
 50.904998779297, -1.404504776001
 50.905609130859, -1.404390335083
 50.906944274902, -1.4040756225586
 50.906658172607, -1.4013576507568
 50.904922485352, -1.4008712768555
 50.902900695801, -1.4004421234131
 50.90238571167, -1.3979530334473
 50.902118682861, -1.3954067230225
 50.902118682861, -1.3927173614502
 50.902118682861, -1.3927173614502
 50.904712677002, -1.3919734954834
 50.904846191406, -1.391544342041
 50.902099609375, -1.395149230957
 50.902156829834, -1.3966083526611
 50.901584625244, -1.3980960845947
 50.902500152588, -1.3980960845947
 50.902671813965, -1.4000701904297
 50.901260375977, -1.4008712768555
