 51.451587677002, -2.1026515960693
 51.451473236084, -2.100248336792
 51.451034545898, -2.0977306365967
 51.45133972168, -2.0915222167969
 51.452217102051, -2.091178894043
 51.452236175537, -2.091178894043
 51.452236175537, -2.091178894043
 51.45191192627, -2.091064453125
 51.450462341309, -2.0924377441406
 51.444988250732, -2.0835399627686
 51.438732147217, -2.0591640472412
 51.4495017, -2.6136683
 51.210199708879, -2.6465318114441
 51.4495017, -2.6136683
 51.4495017, -2.6136683
 51.4495017, -2.6136683
 51.42015533696, -2.7215155904826
 51.42015533696, -2.7215155904826
 51.4495017, -2.6136683
 51.42015533696, -2.7215155904826
 51.42015533696, -2.7215155904826
 51.42015533696, -2.7215155904826
 51.4495017, -2.6136683
 51.42015533696, -2.7215155904826
 51.4495017, -2.6136683
 51.4495017, -2.6136683
 51.42015533696, -2.7215155904826
 51.423778533936, -1.8935966491699
 51.423778533936, -1.8935966491699
 51.423778533936, -1.8935966491699
 51.417319999081, -1.74172
 51.417209999081, -1.74005
 51.417469999081, -1.73859
 51.417859999081, -1.73725
 51.417859999081, -1.73557
 51.417819999081, -1.73393
 51.418799999081, -1.73343
 51.419549999081, -1.73261
 51.514381435498, -1.7318640234207
 51.514381435498, -1.7318640234207
 51.514381435498, -1.7318640234207
 51.514381435498, -1.7318640234207
 51.445999145508, -1.7295169830322
 51.462688446045, -1.7114639282227
 51.483516693115, -1.7143821716309
 51.508312225342, -1.721363067627
 51.508312225342, -1.721363067627
 51.514472961426, -1.726655960083
 51.514358520508, -1.7317199707031
 51.514358520508, -1.7317199707031
 51.514358520508, -1.7317199707031
 51.514358520508, -1.7317199707031
 51.518459320068, -1.7406463623047
 51.518440246582, -1.741361618042
 51.518421173096, -1.7419052124023
 51.518611907959, -1.7529773712158
 51.521263122559, -1.7803573608398
 51.521492004395, -1.7823314666748
 51.521511077881, -1.7822742462158
 51.522350311279, -1.7860221862793
 51.52437210083, -1.7877388000488
 51.5234375, -1.7910003662109
 51.522922515869, -1.7936325073242
 51.523818969727, -1.7958354949951
 51.524715423584, -1.7971515655518
 51.52551651001, -1.7983245849609
 51.52889251709, -1.8029022216797
 51.536712646484, -1.8094539642334
 51.538105010986, -1.832914352417
 51.54354095459, -1.8540000915527
 51.544609069824, -1.8656158447266
 51.544761657715, -1.8781185150146
 51.544761657715, -1.8781185150146
 51.544761657715, -1.8781185150146
 51.544761657715, -1.8781185150146
 51.517379999081, -1.73695
 51.517379999081, -1.73695
 51.517379999081, -1.73695
 51.517379999081, -1.73695
 51.517379999081, -1.73695
 51.517379999081, -1.73695
 51.545391082764, -1.8991470336914
 51.545391082764, -1.8991470336914
 51.549110412598, -1.8957138061523
 51.550312042236, -1.8948554992676
 51.548137664795, -1.8877029418945
 51.545295715332, -1.8780040740967
 51.545104980469, -1.8548583984375
 51.546783447266, -1.8305397033691
 51.555023193359, -1.8077659606934
 51.554622650146, -1.797924041748
 51.55460357666, -1.796407699585
 51.554050445557, -1.7936325073242
 51.552867889404, -1.7893123626709
 51.552295684814, -1.7865943908691
 51.552467346191, -1.783561706543
 51.552581787109, -1.7795562744141
 51.552658081055, -1.7772960662842
 51.554584503174, -1.7772674560547
 51.556930541992, -1.7788696289062
 51.558170318604, -1.7809581756592
 51.557788848877, -1.7844200134277
 51.558494567871, -1.7890548706055
 51.55912399292, -1.787223815918
 51.559143066406, -1.787109375
 51.558723449707, -1.7840766906738
 51.558284759521, -1.7815017700195
 51.558322906494, -1.7793560028076
 51.559162139893, -1.7753219604492
 51.55969619751, -1.772289276123
 51.561088562012, -1.7711162567139
 51.563053131104, -1.7726039886475
 51.564750671387, -1.7739486694336
 51.566543579102, -1.7752075195312
 51.568775177002, -1.7767524719238
 51.568031311035, -1.7805576324463
 51.567840576172, -1.7835330963135
 51.569137573242, -1.7861366271973
 51.569042205811, -1.7892837524414
 51.568164825439, -1.7886829376221
 51.568145751953, -1.7886257171631
 51.568145751953, -1.7886543273926
 51.568164825439, -1.7886543273926
 51.568126678467, -1.7886829376221
 51.568145751953, -1.7886543273926
 51.568164825439, -1.7886829376221
 51.568164825439, -1.7886829376221
 51.568164825439, -1.7886829376221
 51.226325241399, -3.8343601234707
 51.226325241399, -3.8343601234707
 51.226325241399, -3.8343601234707
 51.568145832125, -1.7883997541552
 51.568145832125, -1.7883997541552
 51.568145832125, -1.7883997541552
 51.568145832125, -1.7883997541552
 51.568145832125, -1.7883997541552
 51.568145832125, -1.7883997541552
 51.568145832125, -1.7883997541552
 51.568260192871, -1.7885398864746
 51.568050384521, -1.783275604248
 51.569805145264, -1.7733764648438
 51.571865081787, -1.7683982849121
 51.572303771973, -1.7661666870117
 51.572742462158, -1.7634773254395
 51.573238372803, -1.759557723999
 51.573657989502, -1.75612449646
 51.574382781982, -1.7532634735107
 51.572074890137, -1.7497730255127
 51.576290130615, -1.732120513916
 51.578788757324, -1.735725402832
 51.592807769775, -1.7520904541016
 51.602573394775, -1.7790126800537
 51.617469787598, -1.8038463592529
 51.633567810059, -1.8312549591064
 51.649303436279, -1.8554878234863
 51.663761138916, -1.8851852416992
 51.684646606445, -1.9050979614258
 51.695728302002, -1.9266128540039
 51.706104278564, -1.9506168365479
 51.716938018799, -1.9591999053955
 51.71703338623, -1.959171295166
 51.717166900635, -1.9595432281494
 51.716823577881, -1.9605445861816
 51.716823577881, -1.9605445861816
 51.716823577881, -1.9605445861816
 51.716823577881, -1.9605445861816
 51.716823577881, -1.9605445861816
 51.7142236, -1.971791
 51.741438494576, -2.2119267809302
 51.741438494576, -2.2119267809302
 51.741438494576, -2.2119267809302
 51.741438494576, -2.2119267809302
 51.741438494576, -2.2119267809302
 51.714973449707, -2.0188808441162
 51.715526580811, -2.0448589324951
 51.716728210449, -2.0741558074951
 51.715354919434, -2.1044826507568
 51.715354919434, -2.1326351165771
 51.720218658447, -2.1483421325684
 51.719646453857, -2.1641063690186
 51.717834472656, -2.1850204467773
 51.72679901123, -2.2016429901123
 51.73999786377, -2.2096538543701
 51.73999786377, -2.2096538543701
 51.73999786377, -2.2096538543701
 51.73999786377, -2.2096538543701
 51.73999786377, -2.2096538543701
 51.748790402339, -2.2213675785451
 51.744804382324, -2.2199249267578
 51.744594573975, -2.2204685211182
 51.744594573975, -2.2204685211182
 51.744594573975, -2.2204685211182
 51.744594573975, -2.2204685211182
 51.748790402339, -2.2213675785451
 51.783483372274, -2.1976266898123
 51.783483372274, -2.1976266898123
 51.784089999083, -2.19694
 51.785319999083, -2.19601
 51.786717545699, -2.1939658688118
 51.788759999083, -2.19235
 51.790039999083, -2.19136
 51.791689999084, -2.19007
 51.792413436966, -2.1896084774568
 51.792413436966, -2.1896084774568
 51.838700817004, -2.1544505169985
 51.838700817004, -2.1544505169985
 51.841239167567, -2.1508809805536
 51.798934936523, -2.1914577484131
 51.798934936523, -2.1914577484131
 51.798934936523, -2.1914577484131
 51.798934936523, -2.1914577484131
 51.798934936523, -2.1914577484131
 51.798934936523, -2.1914577484131
 51.798934936523, -2.1914577484131
 51.843109130859, -2.1481132507324
 51.843109130859, -2.1481132507324
 51.843109130859, -2.1481132507324
 51.843109130859, -2.1481132507324
 51.847057342529, -2.1427631378174
 51.847057342529, -2.1427631378174
 51.847057342529, -2.1427631378174
 51.860656738281, -2.1223926544189
 51.862182617188, -2.1208477020264
 51.863059997559, -2.1192741394043
 51.86408996582, -2.1169853210449
 51.865119934082, -2.1151542663574
 51.867275238037, -2.1124362945557
 51.867275238037, -2.1124362945557
 51.875019073486, -2.1036815643311
 51.882076263428, -2.0917797088623
 51.883811950684, -2.0880317687988
 51.885032653809, -2.0853710174561
 51.885890960693, -2.083683013916
 51.886291503906, -2.0828819274902
 51.887302398682, -2.0809078216553
 51.887588500977, -2.0804500579834
 51.887588500977, -2.0804500579834
 51.887588500977, -2.0804500579834
 51.887588500977, -2.0804500579834
 51.887588500977, -2.0804500579834
 51.893692016602, -2.079963684082
 51.894454956055, -2.0827960968018
 51.895122528076, -2.0823097229004
 51.895122528076, -2.0823097229004
 51.918453053723, -2.0674334488305
 51.919122455684, -2.0664120253487
 51.920223009184, -2.0653168650028
 51.920825344531, -2.0663585618356
 51.90465927124, -2.070951461792
 51.905937194824, -2.0700931549072
