 52.482013702393, -1.8985176086426
 52.482643127441, -1.897029876709
 52.482738494873, -1.8972015380859
 52.482566833496, -1.8973159790039
 52.482929229736, -1.8975448608398
 52.481746673584, -1.8922233581543
 52.477855682373, -1.8917655944824
 52.476844787598, -1.8923664093018
 52.476348876953, -1.8909645080566
 52.475509643555, -1.8876457214355
 52.474784851074, -1.8856143951416
 52.474212646484, -1.8818378448486
 52.473068237305, -1.8798637390137
 52.471122741699, -1.878490447998
 52.469711303711, -1.8788623809814
 52.46732711792, -1.8781185150146
 52.46561050415, -1.8773460388184
 52.463417053223, -1.8763446807861
 52.462310791016, -1.8746852874756
 52.460765838623, -1.8729686737061
 52.459468841553, -1.8715953826904
 52.457523345947, -1.8696212768555
 52.45569229126, -1.8678760528564
 52.453861236572, -1.8662452697754
 52.45231628418, -1.8653297424316
 52.450828552246, -1.8641567230225
 52.449131011963, -1.8622970581055
 52.447490692139, -1.8604946136475
 52.445869445801, -1.8597221374512
 52.444610595703, -1.8590927124023
 52.443351745605, -1.8562030792236
 52.442970275879, -1.8529987335205
 52.441349029541, -1.8496227264404
 52.439136505127, -1.8481063842773
 52.437152862549, -1.8469905853271
 52.435092926025, -1.8464183807373
 52.433032989502, -1.8454170227051
 52.431182861328, -1.8441009521484
 52.429180145264, -1.8426704406738
 52.427158355713, -1.8415832519531
 52.425155639648, -1.8400955200195
 52.4241065979, -1.8391513824463
 52.42280960083, -1.8376636505127
 52.422485351562, -1.8361473083496
 52.423725128174, -1.8333721160889
 52.423324584961, -1.8302536010742
 52.422771453857, -1.8272495269775
 52.421970367432, -1.8245029449463
 52.421360015869, -1.8227863311768
 52.420806884766, -1.8203258514404
 52.420673370361, -1.8171215057373
 52.420673370361, -1.81640625
 52.420673370361, -1.81640625
 52.420864105225, -1.8083953857422
 52.42057800293, -1.8043327331543
 52.420349121094, -1.8034172058105
 52.420349121094, -1.8034172058105
 52.417888641357, -1.7966365814209
 52.417850494385, -1.7940902709961
 52.417392730713, -1.7913150787354
 52.416286468506, -1.7886543273926
 52.41512298584, -1.7855072021484
 52.414493560791, -1.7829036712646
 52.413482666016, -1.7786407470703
 52.412223815918, -1.7767524719238
 52.410163879395, -1.777868270874
 52.410106658936, -1.7809581756592
 52.411270141602, -1.7831039428711
 52.413425445557, -1.7843341827393
 52.4143409729, -1.7857646942139
 52.413902282715, -1.787281036377
 52.412776947021, -1.786994934082
 52.412776947021, -1.786994934082
 52.412776947021, -1.786994934082
 52.412815093994, -1.786937713623
 52.412796020508, -1.786937713623
 52.412796020508, -1.786937713623
 52.412796020508, -1.786937713623
 52.413005828857, -1.7876815795898
 52.412929534912, -1.7886543273926
 52.412948608398, -1.7910861968994
 52.411022186279, -1.792573928833
 52.409629821777, -1.7941761016846
 52.407836914062, -1.7966938018799
 52.40743637085, -1.7976951599121
 52.405815124512, -1.8013858795166
 52.405815124512, -1.8013858795166
 52.404003143311, -1.807279586792
 52.403163909912, -1.8094253540039
 52.402362823486, -1.8111419677734
 52.401599884033, -1.812744140625
 52.399845123291, -1.8152332305908
 52.398052215576, -1.8174076080322
 52.396221160889, -1.8203544616699
 52.394351959229, -1.8233585357666
 52.393474578857, -1.8245315551758
 52.383117675781, -1.8220138549805
 52.369441986084, -1.8220996856689
 52.367973327637, -1.8238162994385
 52.366390228271, -1.827278137207
 52.365741729736, -1.8279361724854
 52.365741729736, -1.8279361724854
 52.362155914307, -1.8300247192383
 52.360343933105, -1.8307971954346
 52.357959747314, -1.8319702148438
 52.356357574463, -1.8329429626465
 52.353553771973, -1.8346881866455
 52.352409362793, -1.8354034423828
 52.347431182861, -1.8378925323486
 52.342967987061, -1.8433856964111
 52.342967987061, -1.8433856964111
 52.313690185547, -1.8698215484619
 52.311000823975, -1.8857002258301
 52.310180664062, -1.9192600250244
 52.30583190918, -1.937313079834
 52.30785369873, -1.9375419616699
 52.306976318359, -1.9419193267822
 52.306709289551, -1.9442367553711
 52.305717468262, -1.9455242156982
 52.303028106689, -1.9466114044189
 52.301559448242, -1.9474124908447
 52.299671173096, -1.9477558135986
 52.29793548584, -1.9487571716309
 52.296142578125, -1.9485282897949
 52.295970916748, -1.9454669952393
 52.293968200684, -1.9460964202881
 52.291240692139, -1.9457530975342
 52.289962768555, -1.9454097747803
 52.288360595703, -1.9449234008789
 52.285671234131, -1.9439792633057
 52.283878326416, -1.9436931610107
 52.281188964844, -1.9415187835693
 52.278633117676, -1.938943862915
 52.277641296387, -1.9380855560303
 52.268714904785, -1.9390296936035
 52.266159057617, -1.9370269775391
 52.265129089355, -1.9366264343262
 52.265129089355, -1.9366264343262
 52.265129089355, -1.9366264343262
 52.265129089355, -1.9366264343262
 52.253265380859, -1.9370269775391
 52.251205444336, -1.9364547729492
 52.248420715332, -1.9340801239014
 52.246742248535, -1.9319915771484
 52.24609375, -1.9309902191162
 52.241477966309, -1.9236087799072
 52.233829498291, -1.9004344940186
 52.223033905029, -1.8791198730469
 52.220134735107, -1.8770599365234
 52.218227386475, -1.8759441375732
 52.216701507568, -1.8743991851807
 52.217350006104, -1.8710231781006
 52.21700668335, -1.8683052062988
 52.215137481689, -1.8687915802002
 52.214450836182, -1.8702220916748
 52.212982177734, -1.8743419647217
 52.212047576904, -1.8762302398682
 52.202606201172, -1.8754863739014
 52.177200317383, -1.8801784515381
 52.164669036865, -1.8840408325195
 52.137832641602, -1.9107341766357
 52.137832641602, -1.9107341766357
 52.110958099365, -1.9442939758301
 52.108383178711, -1.9442653656006
 52.108383178711, -1.9442653656006
 52.108383178711, -1.9442653656006
 52.102146148682, -1.9442367553711
 52.09924697876, -1.9455242156982
 52.096862792969, -1.946439743042
 52.09493637085, -1.9467258453369
 52.093162536621, -1.9469547271729
 52.092018127441, -1.9482135772705
 52.090759277344, -1.94993019104
 52.08927154541, -1.9508743286133
 52.087001800537, -1.9519329071045
 52.085494995117, -1.9514179229736
 52.083415985107, -1.9507884979248
 52.081756591797, -1.9510459899902
 52.080345153809, -1.9516181945801
 52.078723907471, -1.9523620605469
 52.076416015625, -1.9530487060547
 52.0751953125, -1.9534778594971
 52.073860168457, -1.9526481628418
 52.073860168457, -1.9526481628418
 52.073860168457, -1.9526481628418
 52.073860168457, -1.9526481628418
 52.067565917969, -1.8993759155273
 52.066555023193, -1.8972587585449
 52.064819335938, -1.8948268890381
 52.064304351807, -1.8939971923828
 52.0534324646, -1.8818378448486
 52.043151855469, -1.8737697601318
 52.041206359863, -1.8716239929199
 52.040138244629, -1.8702793121338
 52.040138244629, -1.8702793121338
 52.040138244629, -1.8702793121338
 52.040138244629, -1.8702793121338
 52.045352821215, -1.7868118293812
 52.045352821215, -1.7868118293812
 52.045662399998, -1.7864883777744
 52.046449982011, -1.78376670454
 52.041606903076, -1.8560028076172
 52.042827606201, -1.8567180633545
 52.046546936035, -1.8576908111572
 52.033729553223, -1.8350601196289
 52.025852203369, -1.8194103240967
 52.026615142822, -1.7988967895508
 52.041244506836, -1.7866230010986
 52.045478820801, -1.7866230010986
 52.045478820801, -1.7866230010986
 52.045478820801, -1.7866230010986
 52.045478820801, -1.7866230010986
 52.045478820801, -1.7866230010986
 52.054212538206, -1.7763742603503
 52.054212538206, -1.7763742603503
 52.054212538206, -1.7763742603503
 52.054212538206, -1.7763742603503
 52.054212538206, -1.7763742603503
 52.054212538206, -1.7763742603503
 52.054212538206, -1.7763742603503
 52.054212538206, -1.7763742603503
 52.054212538206, -1.7763742603503
 52.054212538206, -1.7763742603503
 52.054212538206, -1.7763742603503
 52.054212538206, -1.7763742603503
 52.054212538206, -1.7763742603503
 52.054212538206, -1.7763742603503
 52.054212538206, -1.7763742603503
 52.054212538206, -1.7763742603503
 52.054212538206, -1.7763742603503
 52.054212538206, -1.7763742603503
 52.054212538206, -1.7763742603503
 52.054212538206, -1.7763742603503
 52.054212538206, -1.7763742603503
 52.054212538206, -1.7763742603503
 52.054212538206, -1.7763742603503
 52.054212538206, -1.7763742603503
 52.052478790283, -1.7702579498291
 52.052745819092, -1.7643356323242
 52.052783966064, -1.7639350891113
 52.052783966064, -1.7639350891113
 52.052783966064, -1.7639350891113
 52.052783966064, -1.7639350891113
 52.052783966064, -1.7639350891113
 52.052608702384, -1.7652698615092
 52.094898223877, -1.6307544708252
 52.102680206299, -1.6299247741699
 52.112083435059, -1.638650894165
 52.113513946533, -1.6404819488525
 52.115688323975, -1.6414833068848
 52.115688323975, -1.6414833068848
 52.115688323975, -1.6414833068848
 52.129001617432, -1.6552448272705
 52.130222320557, -1.6565608978271
 52.130222320557, -1.6565608978271
 52.132358551025, -1.6615104675293
 52.132358551025, -1.6615104675293
 52.132358551025, -1.6615104675293
 52.132358551025, -1.6615104675293
 52.132358551025, -1.6615104675293
 52.142009735107, -1.6789054870605
 52.142009735107, -1.6789054870605
 52.178001403809, -1.7010498046875
 52.181587219238, -1.7003631591797
 52.184448242188, -1.7005062103271
 52.186145782471, -1.699390411377
 52.186145782471, -1.699390411377
 52.186145782471, -1.699390411377
 52.191486358643, -1.7001342773438
 52.192687988281, -1.7042255401611
 52.192687988281, -1.7042255401611
 52.193622589111, -1.7078590393066
 52.193622589111, -1.7078590393066
 52.193622589111, -1.7078590393066
 52.199382781982, -1.7124652862549
 52.200508117676, -1.7138385772705
 52.201538085938, -1.7159557342529
 52.203121185303, -1.7184448242188
 52.204608917236, -1.7197895050049
 52.206363677979, -1.7215919494629
 52.207546234131, -1.7232513427734
 52.211513519287, -1.7223072052002
 52.226428985596, -1.701078414917
 52.231998443604, -1.6833114624023
 52.250709533691, -1.6373348236084
 52.261219024658, -1.6132736206055
 52.268123626709, -1.5995121002197
 52.271404266357, -1.5973663330078
 52.272491455078, -1.5968799591064
 52.274608612061, -1.5955066680908
 52.276153564453, -1.5941333770752
 52.276153564453, -1.5915012359619
 52.276725769043, -1.5909004211426
 52.27668762207, -1.5909576416016
 52.276763916016, -1.5909576416016
 52.276744842529, -1.5909862518311
 52.276763916016, -1.5909004211426
 52.276821136475, -1.5909004211426
 52.276802062988, -1.5909004211426
 52.276821136475, -1.5909004211426
 52.276821136475, -1.5909004211426
 52.276725769043, -1.5908718109131
 52.276725769043, -1.5909004211426
 52.276744842529, -1.5909576416016
 52.276802062988, -1.5909004211426
 52.27689743042, -1.5909576416016
 52.276706695557, -1.591215133667
 52.276744842529, -1.5913581848145
 52.276744842529, -1.5936470031738
 52.277736663818, -1.5927314758301
 52.280292510986, -1.5896415710449
 52.280292510986, -1.5896415710449
 52.280292510986, -1.5896415710449
 52.280578613281, -1.5807151794434
 52.279491424561, -1.5758514404297
 52.279644012451, -1.5750503540039
 52.280941009521, -1.5686416625977
 52.281284332275, -1.563835144043
 52.281532287598, -1.5606880187988
 52.28157043457, -1.5579128265381
 52.2829246521, -1.5521907806396
 52.284069061279, -1.5354537963867
 52.284908294678, -1.534423828125
 52.285842895508, -1.5331363677979
 52.287540435791, -1.5344524383545
 52.289028167725, -1.5353107452393
 52.28946685791, -1.5353679656982
 52.291316986084, -1.5356826782227
 52.291889190674, -1.5357685089111
 52.293605804443, -1.5359973907471
 52.294902801514, -1.5354251861572
 52.295169830322, -1.5354824066162
 52.297744750977, -1.5357112884521
 52.300510406494, -1.5364265441895
 52.302284240723, -1.5369701385498
 52.304039001465, -1.5374279022217
 52.312564849854, -1.539831161499
 52.324848175049, -1.5540218353271
 52.333316802979, -1.5673828125
 52.336673736572, -1.5729904174805
 52.337741851807, -1.5740489959717
 52.339782714844, -1.5761947631836
 52.341976165771, -1.5784549713135
 52.34338760376, -1.580171585083
 52.343902587891, -1.5823745727539
 52.343902587891, -1.5823745727539
 52.343902587891, -1.5823745727539
 52.343902587891, -1.5823745727539
 52.34500606664, -1.5863868496972
 52.346268029291, -1.5883931882388
 52.345619930144, -1.5903624734959
 52.345836891837, -1.5896435371307
 52.346908167111, -1.5884231998878
 52.351627349854, -1.5779972076416
 52.353210449219, -1.5765380859375
 52.35424041748, -1.574592590332
 52.355461120605, -1.570987701416
 52.356395721436, -1.5686416625977
 52.358703613281, -1.565465927124
 52.360973358154, -1.5629196166992
 52.371692657471, -1.548957824707
 52.38431930542, -1.5369129180908
 52.386054992676, -1.5339660644531
 52.385120391846, -1.5313911437988
 52.384204864502, -1.5287590026855
 52.383327484131, -1.5264415740967
 52.38166809082, -1.5233516693115
 52.38037109375, -1.5190315246582
 52.380542755127, -1.516227722168
 52.382850646973, -1.5161991119385
 52.384624481201, -1.5159130096436
 52.386035919189, -1.515941619873
 52.388076782227, -1.5161418914795
 52.389793395996, -1.5158557891846
 52.390975952148, -1.5155410766602
 52.393016815186, -1.5157413482666
 52.394676208496, -1.5158843994141
 52.395439147949, -1.516170501709
 52.395439147949, -1.516170501709
 52.395439147949, -1.516170501709
 52.395439147949, -1.516170501709
 52.395084632652, -1.5214450214662
 52.3943606326, -1.5245266107206
 52.393333540995, -1.5267615629273
