 55.947036743164, -3.197135925293
 55.948295593262, -3.1944179534912
 55.94934463501, -3.1925868988037
 55.950012207031, -3.1883239746094
 55.950717926025, -3.1834888458252
 55.950984954834, -3.1817722320557
 55.951461791992, -3.1794261932373
 55.951728820801, -3.1783676147461
 55.952072143555, -3.176908493042
 55.952415466309, -3.1753349304199
 55.95251083374, -3.1741046905518
 55.9521484375, -3.1738185882568
 55.951385498047, -3.1723022460938
 55.950012207031, -3.1734752655029
 55.950927734375, -3.1763076782227
 55.950012207031, -3.1787109375
 55.949325561523, -3.1818008422852
 55.948162078857, -3.1820297241211
 55.946807861328, -3.1817436218262
 55.944442749023, -3.1809997558594
 55.943412780762, -3.1798553466797
 55.941867828369, -3.1786251068115
 55.940265655518, -3.1759929656982
 55.939140319824, -3.1745338439941
 55.939769744873, -3.1738471984863
 55.939788818359, -3.1738758087158
 55.939769744873, -3.1738471984863
 55.939788818359, -3.1738471984863
 55.939788818359, -3.1738471984863
 55.939750671387, -3.1738185882568
 55.941734313965, -3.1714725494385
 55.941390991211, -3.16969871521
 55.940799713135, -3.1526184082031
 55.942153930664, -3.1449794769287
 55.943202972412, -3.1427192687988
 55.944023132324, -3.1399726867676
 55.945014953613, -3.136510848999
 55.944957733154, -3.1343364715576
 55.943489074707, -3.1314468383789
 55.942668914795, -3.1271553039551
 55.942878723145, -3.1234359741211
 55.943222045898, -3.120002746582
 55.94367980957, -3.1157970428467
 55.944232940674, -3.1107330322266
 55.945243835449, -3.0932807922363
 55.946521759033, -3.0802631378174
 55.945739746094, -3.0772018432617
 55.945434570312, -3.0735397338867
 55.944919586182, -3.0713081359863
 55.944309234619, -3.068675994873
 55.943984985352, -3.0633544921875
 55.943946838379, -3.059663772583
 55.943126678467, -3.0564308166504
 55.941429138184, -3.0552864074707
 55.939826965332, -3.0598640441895
 55.935459136963, -3.0623531341553
 55.926914215088, -3.0635261535645
 55.919132232666, -3.0637264251709
 55.901699066162, -3.0872440338135
 55.896625518799, -3.076286315918
 55.897045135498, -3.0745410919189
 55.895862579346, -3.0729389190674
 55.894641876221, -3.0694770812988
 55.893058776855, -3.0691623687744
 55.892276763916, -3.0695343017578
 55.893135070801, -3.0720520019531
 55.892276763916, -3.0733680725098
 55.890922546387, -3.0759716033936
 55.889854431152, -3.0784606933594
 55.888748168945, -3.0818939208984
 55.888805389404, -3.0851268768311
 55.888805389404, -3.0908489227295
 55.887718200684, -3.0986022949219
 55.884456634521, -3.1105327606201
 55.884456634521, -3.1105327606201
 55.884456634521, -3.1105327606201
 55.879764556885, -3.1346797943115
 55.878505706787, -3.1376552581787
 55.877876281738, -3.1417751312256
 55.877647399902, -3.1456661224365
 55.877552032471, -3.1493282318115
 55.87682723999, -3.1541061401367
 55.873624844859, -3.1751632729553
 55.875759124756, -3.1618022918701
 55.875263214111, -3.1645774841309
 55.874767303467, -3.1697845458984
 55.874462127686, -3.1736469268799
 55.87194442749, -3.1764221191406
 55.870590209961, -3.1775379180908
 55.86893081665, -3.178653717041
 55.86706161499, -3.1802272796631
 55.860900878906, -3.1850624084473
 55.850524902344, -3.1962776184082
 55.849304199219, -3.2007122039795
 55.847396850586, -3.202486038208
 55.847396850586, -3.202486038208
 55.84321975708, -3.2075500488281
 55.841903686523, -3.2109260559082
 55.840740203857, -3.2127285003662
 55.840167999268, -3.2106399536133
 55.840072631836, -3.2090377807617
 55.84005355835, -3.2090377807617
 55.840072631836, -3.2090091705322
 55.840091705322, -3.2090377807617
 55.840148925781, -3.2102680206299
 55.840740203857, -3.2130146026611
 55.839462280273, -3.2154178619385
 55.838718414307, -3.2169914245605
 55.836696624756, -3.2195377349854
 55.834636688232, -3.2214546203613
 55.832328796387, -3.2235431671143
 55.830364227295, -3.2238578796387
 55.827865600586, -3.2222557067871
 55.827102661133, -3.2199382781982
 55.82612991333, -3.2218837738037
 55.823745727539, -3.2215690612793
 55.821285247803, -3.2202816009521
 55.813274383545, -3.2294654846191
 55.795269012451, -3.2214546203613
 55.776348114014, -3.2177639007568
 55.756378173828, -3.2064914703369
 55.732841491699, -3.2061195373535
 55.713558197021, -3.2064342498779
 55.712776184082, -3.2065200805664
 55.712776184082, -3.2065200805664
 55.701236724854, -3.2121562957764
 55.680465698242, -3.2063484191895
 55.664710998535, -3.1947612762451
 55.662803649902, -3.1932163238525
 55.660572052002, -3.1922435760498
 55.658073425293, -3.1913566589355
 55.656852722168, -3.1904697418213
 55.656852722168, -3.1904697418213
 55.652332305908, -3.1850910186768
 55.651397705078, -3.1836891174316
 55.650539398193, -3.1776523590088
 55.650119781494, -3.1746196746826
 55.650119781494, -3.1746196746826
 55.650119781494, -3.1746196746826
 55.650119781494, -3.1746196746826
 55.615787506104, -3.0723094940186
 55.617408752441, -3.0676174163818
 55.618629455566, -3.0645561218262
 55.619506835938, -3.0623817443848
 55.620079040527, -3.0603504180908
 55.621032714844, -3.0583763122559
 55.62536239624, -3.0354881286621
 55.625057220459, -3.0258178710938
 55.62479019165, -3.0223560333252
 55.623645782471, -3.0172061920166
 55.62370300293, -3.0141735076904
 55.625095367432, -3.0089664459229
 55.629825592041, -2.9907417297363
 55.624752044678, -2.9593563079834
 55.616970062256, -2.9298877716064
 55.607891082764, -2.9000473022461
 55.604610443115, -2.8761291503906
 55.599594116211, -2.865686416626
 55.599594116211, -2.865686416626
 55.599594116211, -2.865686416626
 55.56001663208, -2.8423690795898
 55.553188323975, -2.8514385223389
 55.55233001709, -2.8539848327637
 55.551452636719, -2.8565883636475
 55.550270080566, -2.8588485717773
 55.548400878906, -2.8564453125
 55.54708480835, -2.8533267974854
 55.547695159912, -2.8495502471924
 55.546627044678, -2.8480911254883
 55.545921325684, -2.8449440002441
 55.546569824219, -2.8431129455566
 55.547218322754, -2.8419399261475
 55.548191070557, -2.8427410125732
 55.549983978271, -2.8417110443115
 55.551776885986, -2.8412818908691
 55.553016662598, -2.8389930725098
 55.555763244629, -2.8355026245117
 55.557060241699, -2.8331279754639
 55.558834075928, -2.8320121765137
 55.560874938965, -2.8313827514648
 55.56640625, -2.8298950195312
 55.581130981445, -2.8104972839355
 55.598468780518, -2.7945041656494
 55.608501434326, -2.7964210510254
 55.608367919922, -2.7955913543701
 55.608081817627, -2.7927017211914
 55.607852935791, -2.7902126312256
 55.606994628906, -2.7859210968018
 55.606155395508, -2.7843189239502
 55.606136322021, -2.7847194671631
 55.606136322021, -2.7847194671631
 55.606136322021, -2.7847766876221
 55.606136322021, -2.7847480773926
 55.606136322021, -2.7846908569336
 55.606136322021, -2.7847480773926
 55.606136322021, -2.7847194671631
 55.606117248535, -2.7846908569336
 55.606117248535, -2.7846908569336
 55.606117248535, -2.7846908569336
 55.606117248535, -2.7846908569336
 55.606117248535, -2.7846908569336
 55.606535561808, -2.7831987684186
 55.606535561808, -2.7831987684186
 55.606535561808, -2.7831987684186
 55.606535561808, -2.7831987684186
 55.606535561808, -2.7831987684186
 55.606535561808, -2.7831987684186
 55.606535561808, -2.7831987684186
 55.606535561808, -2.7831987684186
 55.606535561808, -2.7831987684186
 55.606174468994, -2.7847194671631
 55.606155395508, -2.7847194671631
 55.606155395508, -2.7846908569336
 55.608406066895, -2.7958488464355
 55.60245513916, -2.7772808074951
 55.601062774658, -2.7566814422607
 55.597629547119, -2.7422618865967
 55.597953796387, -2.7066421508789
 55.595970153809, -2.67165184021
 55.615634918213, -2.678747177124
 55.634899139404, -2.6813793182373
 55.637168884277, -2.6802062988281
 55.638408660889, -2.6762866973877
 55.638408660889, -2.6762866973877
 55.638408660889, -2.6762866973877
 55.638408660889, -2.6762866973877
 55.638408660889, -2.6762866973877
 55.641525770214, -2.6632648672081
 55.657043457031, -2.6359462738037
 55.675563812256, -2.6170921325684
 55.680255889893, -2.5844764709473
 55.678958892822, -2.5687122344971
 55.679664611816, -2.5655364990234
 55.68021774292, -2.5619602203369
 55.680561065674, -2.5591850280762
 55.680618286133, -2.5574684143066
 55.685977935791, -2.5318050384521
 55.692024230957, -2.4959850311279
 55.702419281006, -2.4640274047852
 55.703086853027, -2.4639129638672
 55.705471038818, -2.4647998809814
 55.706119537354, -2.4645137786865
 55.706119537354, -2.4645137786865
 55.710678100586, -2.4618244171143
 55.717945098877, -2.4572467803955
 55.735664367676, -2.4321556091309
 55.75382232666, -2.4034023284912
 55.764713287354, -2.3751926422119
 55.773506164551, -2.3581123352051
 55.774002075195, -2.3566818237305
 55.77465057373, -2.354736328125
 55.775184631348, -2.3531913757324
 55.776462554932, -2.3497581481934
 55.777912139893, -2.3472690582275
 55.777912139893, -2.3472690582275
 55.777912139893, -2.3472690582275
 55.777912139893, -2.3472690582275
 55.777912139893, -2.3472690582275
 55.77699, -2.33949
 55.778884887695, -2.3301887512207
 55.775241851807, -2.3077297210693
 55.775241851807, -2.3077297210693
 55.797634124756, -2.2455310821533
 55.800952911377, -2.2187232971191
 55.800952911377, -2.2187232971191
 55.801734924316, -2.2138023376465
 55.802192687988, -2.2098827362061
 55.800437927246, -2.2093105316162
 55.79927444458, -2.2093391418457
 55.79927444458, -2.2093391418457
 55.797424316406, -2.206563949585
 55.797920227051, -2.204418182373
 55.800609588623, -2.1764087677002
 55.796451568604, -2.1408748626709
 55.795955657959, -2.1194744110107
 55.79532623291, -2.1154117584229
 55.795402526855, -2.1128082275391
 55.795745849609, -2.1100902557373
 55.792465209961, -2.0977020263672
 55.788116455078, -2.0716667175293
 55.782489776611, -2.036247253418
 55.785522460938, -2.017707824707
 55.785179138184, -2.016077041626
 55.784645080566, -2.0154476165771
 55.783748626709, -2.0143032073975
 55.782566070557, -2.0127868652344
 55.780849456787, -2.0106983184814
 55.778617858887, -2.0110988616943
 55.776805877686, -2.0112133026123
 55.774574279785, -2.0095539093018
 55.772895812988, -2.0083522796631
 55.771179199219, -2.006778717041
 55.769557952881, -2.0066928863525
 55.768718719482, -2.0086097717285
 55.767650604248, -2.0110416412354
 55.766639709473, -2.0122718811035
 55.764846801758, -2.0112419128418
 55.762252807617, -2.0105266571045
 55.760707855225, -2.0097255706787
 55.759258270264, -2.0086669921875
 55.757694244385, -2.0084381103516
 55.756244659424, -2.0076370239258
 55.754871368408, -2.0061206817627
 55.753593444824, -2.0046901702881
 55.739593505859, -1.9976806640625
 55.72021484375, -1.9814586639404
 55.698680877686, -1.9626903533936
 55.680561065674, -1.9324207305908
 55.671653747559, -1.9161128997803
 55.671424865723, -1.9156551361084
 55.671424865723, -1.9156837463379
 55.671424865723, -1.9156837463379
 55.67138671875, -1.9157123565674
 55.671348571777, -1.9156837463379
 55.671405792236, -1.9156837463379
 55.671234130859, -1.915283203125
 55.661163330078, -1.8999481201172
 55.642223358154, -1.8725109100342
 55.62255859375, -1.8463325500488
 55.603809356689, -1.818323135376
 55.596389770508, -1.8031597137451
 55.595645904541, -1.7994689941406
 55.594139099121, -1.7843627929688
 55.594139099121, -1.7843627929688
 55.610027313232, -1.7498874664307
 55.610027313232, -1.7498874664307
 55.610027313232, -1.7498874664307
 55.610027313232, -1.7498874664307
 55.610027313232, -1.7498874664307
 55.608004374956, -1.7136631083415
 55.608080750307, -1.7104933451913
 55.607444737262, -1.709540697374
 55.607444737262, -1.709540697374
 55.607444737262, -1.709540697374
 55.607444737262, -1.709540697374
 55.607444737262, -1.709540697374
 55.604496002197, -1.7195892333984
 55.604496002197, -1.7195892333984
 55.604496002197, -1.7195892333984
 55.572338104248, -1.7580413818359
 55.571136474609, -1.7604732513428
 55.567646026611, -1.7730903625488
 55.56661605835, -1.7845058441162
 55.555248260498, -1.7889404296875
 55.53092956543, -1.7687129974365
 55.517349243164, -1.7447662353516
 55.507373809814, -1.7381000518799
 55.490341186523, -1.7309761047363
 55.482749938965, -1.723165512085
 55.482749938965, -1.723165512085
 55.482749938965, -1.723165512085
 55.482749938965, -1.723165512085
 55.420036315918, -1.6888904571533
 55.414485931396, -1.6962432861328
 55.413246154785, -1.6971588134766
 55.411491394043, -1.699275970459
 55.412006378174, -1.7042255401611
 55.412826538086, -1.7080307006836
 55.41316986084, -1.7078304290771
 55.413436889648, -1.7078018188477
 55.414981842041, -1.7088317871094
 55.415840148926, -1.7078876495361
 55.419044494629, -1.7071151733398
 55.420989990234, -1.7060565948486
 55.421104431152, -1.7059421539307
 55.421085357666, -1.7059421539307
