 54.324855804443, -2.7325344085693
 54.324836730957, -2.7325630187988
 54.324817657471, -2.7325916290283
 54.324836730957, -2.7325916290283
 54.324836730957, -2.7325630187988
 54.324836730957, -2.7325630187988
 54.324855804443, -2.7325344085693
 54.324264526367, -2.7321910858154
 54.322261810303, -2.7315330505371
 54.321727752686, -2.7327919006348
 54.320983886719, -2.7377986907959
 54.320278167725, -2.7418899536133
 54.320755004883, -2.744607925415
 54.322052001953, -2.7453517913818
 54.323711395264, -2.7471542358398
 54.326953887939, -2.7475547790527
 54.32861328125, -2.7470684051514
 54.330272674561, -2.7472972869873
 54.329795837402, -2.7452659606934
 54.329109191895, -2.7430629730225
 54.327812194824, -2.7434062957764
 54.325904846191, -2.7442646026611
 54.32373046875, -2.7426910400391
 54.322071075439, -2.743034362793
 54.320735931396, -2.744665145874
 54.318256378174, -2.7461528778076
 54.317607879639, -2.7464389801025
 54.316692352295, -2.746696472168
 54.315872192383, -2.7470970153809
 54.315090179443, -2.7476692199707
 54.314670562744, -2.7485275268555
 54.313678741455, -2.7508163452148
 54.313163757324, -2.75221824646
 54.31224822998, -2.7533912658691
 54.311370849609, -2.7549934387207
 54.310512542725, -2.7564239501953
 54.309673309326, -2.7572536468506
 54.307174682617, -2.7588558197021
 54.288578033447, -2.7673530578613
 54.288578033447, -2.7673530578613
 54.274215698242, -2.76686668396
 54.274215698242, -2.76686668396
 54.274215698242, -2.76686668396
 54.274215698242, -2.76686668396
 54.230745783417, -2.7730316167026
 54.228263009654, -2.7734269139008
 54.2264051982, -2.7728950129192
 54.224007801801, -2.7728666249455
 54.222115839401, -2.7730467711848
 54.221780793811, -2.7731337218236
 54.221780793811, -2.7731337218236
 54.194507598877, -2.7531337738037
 54.172687530518, -2.7483558654785
 54.15189743042, -2.746524810791
 54.139308929443, -2.7560234069824
 54.130477905273, -2.7654933929443
 54.129486083984, -2.766580581665
 54.128112792969, -2.768383026123
 54.126129150391, -2.7718162536621
 54.124603271484, -2.7726745605469
 54.122829437256, -2.7737617492676
 54.120407104492, -2.775764465332
 54.119262695312, -2.7786827087402
 54.118041992188, -2.7828311920166
 54.112129211426, -2.7875232696533
 54.108695983887, -2.7882957458496
 54.106540679932, -2.790412902832
 54.104976654053, -2.79221534729
 54.104251861572, -2.7931880950928
 54.101123809814, -2.7961921691895
 54.099082946777, -2.7984809875488
 54.09782409668, -2.8003120422363
 54.095916748047, -2.803258895874
 54.093837738037, -2.8080081939697
 54.092769622803, -2.8101539611816
 54.091663360596, -2.8137302398682
 54.089107513428, -2.8161907196045
 54.087314605713, -2.8174781799316
 54.086151123047, -2.8219985961914
 54.085788726807, -2.8273773193359
 54.085483551025, -2.8285789489746
 54.084949493408, -2.830810546875
 54.084453582764, -2.8322124481201
 54.084167480469, -2.8326988220215
 54.081859588623, -2.8354454040527
 54.080581665039, -2.8375053405762
 54.079399108887, -2.8394222259521
 54.078884124756, -2.8404808044434
 54.078502655029, -2.8418827056885
 54.078102111816, -2.84348487854
 54.077663421631, -2.8451728820801
 54.076976776123, -2.8489208221436
 54.07693862915, -2.8502368927002
 54.077320098877, -2.8567314147949
 54.076251983643, -2.8582191467285
 54.076290130615, -2.8582191467285
 54.076251983643, -2.858190536499
 54.076232910156, -2.8582191467285
 54.07621383667, -2.8581619262695
 54.076232910156, -2.858190536499
 54.076232910156, -2.858190536499
 54.076232910156, -2.858190536499
 54.076232910156, -2.858190536499
 54.076232910156, -2.858190536499
 54.075984954834, -2.8605937957764
 54.074859619141, -2.8633689880371
 54.073448181152, -2.8656578063965
 54.07283782959, -2.8680896759033
 54.072799682617, -2.8696060180664
 54.072608947754, -2.8720951080322
 54.071178436279, -2.8754997253418
 54.070644378662, -2.874870300293
 54.070568084717, -2.8716945648193
 54.070587158203, -2.8689479827881
 54.071178436279, -2.8647136688232
 54.072322845459, -2.8629684448242
 54.071426391602, -2.8607368469238
 54.071102142334, -2.8567028045654
 54.069633483887, -2.8532695770264
 54.069519042969, -2.8504943847656
 54.068775177002, -2.8476333618164
 54.067687988281, -2.8440856933594
 54.067249298096, -2.8411960601807
 54.066543579102, -2.8386211395264
 54.065265655518, -2.8361320495605
 54.064617156982, -2.8348445892334
 54.063587188721, -2.832727432251
 54.062824249268, -2.8311824798584
 54.061317443848, -2.8280067443848
 54.05969619751, -2.8249740600586
 54.058685302734, -2.8226280212402
 54.057006835938, -2.8191947937012
 54.055709838867, -2.8158760070801
 54.055843353271, -2.8121852874756
 54.055938720703, -2.8092384338379
 54.055881500244, -2.806921005249
 54.055595397949, -2.8046607971191
 54.055328369141, -2.8023719787598
 54.055252075195, -2.8019714355469
 54.055271148682, -2.8020000457764
 54.055328369141, -2.8020286560059
 54.055290222168, -2.8019714355469
 54.055290222168, -2.8020000457764
 54.055271148682, -2.8020000457764
 54.055271148682, -2.8020000457764
 54.055271148682, -2.8020000457764
 54.055271148682, -2.8020000457764
 54.055271148682, -2.8020000457764
 54.05538051109, -2.8018258896691
 54.05538051109, -2.8018258896691
 54.05538051109, -2.8018258896691
 54.05538051109, -2.8018258896691
 54.05538051109, -2.8018258896691
 54.05538051109, -2.8018258896691
 54.05538051109, -2.8018258896691
 54.05538051109, -2.8018258896691
 54.055271148682, -2.8020000457764
 54.055252075195, -2.8018569946289
 54.055271148682, -2.8019142150879
 54.055290222168, -2.8019142150879
 54.055271148682, -2.8019714355469
 54.055252075195, -2.8019428253174
 54.055271148682, -2.8020000457764
 54.055404663086, -2.801570892334
 54.055404663086, -2.801570892334
 54.055614471436, -2.7989959716797
 54.054222106934, -2.7957630157471
 54.052295684814, -2.7963638305664
 54.050693511963, -2.797679901123
 54.048900604248, -2.7978801727295
 54.047431945801, -2.7981376647949
 54.047069549561, -2.7981948852539
 54.046058654785, -2.7982234954834
 54.044132232666, -2.7986812591553
 54.042625427246, -2.7969360351562
 54.040794372559, -2.7961349487305
 54.039325714111, -2.795934677124
 54.037303924561, -2.7955055236816
 54.035243988037, -2.7950191497803
 54.034328460693, -2.7949905395508
 54.033031463623, -2.7945327758789
 54.032306671143, -2.794303894043
 54.031505584717, -2.794189453125
 54.030570983887, -2.7943325042725
 54.029693603516, -2.7946758270264
 54.028854370117, -2.7951049804688
 54.025650024414, -2.7950191497803
 54.023513793945, -2.7949619293213
 54.015865325928, -2.796049118042
 53.99829864502, -2.7910423278809
 53.982524871826, -2.7862930297852
 53.964500427246, -2.777681350708
 53.943786621094, -2.7760219573975
 53.923492431641, -2.7803707122803
 53.919296264648, -2.7775382995605
 53.914279937744, -2.7767944335938
 53.91185760498, -2.7762222290039
 53.909168243408, -2.7745628356934
 53.907032012939, -2.7736473083496
 53.904476165771, -2.7727031707764
 53.902645111084, -2.7738189697266
 53.901615142822, -2.7739334106445
 53.900260925293, -2.7743625640869
 53.899612426758, -2.7757930755615
 53.898735046387, -2.7791118621826
 53.897037506104, -2.783374786377
 53.895969390869, -2.7862358093262
 53.885555267334, -2.7801418304443
 53.879890441895, -2.7998828887939
 53.868103027344, -2.8142738342285
 53.868007659912, -2.8143882751465
 53.868007659912, -2.8143882751465
 53.868007659912, -2.8143882751465
 53.862171173096, -2.8203105926514
 53.861522674561, -2.8220844268799
 53.861904144287, -2.8276348114014
 53.855743408203, -2.851095199585
 53.85555267334, -2.8818225860596
 53.853282928467, -2.9120635986328
 53.847618103027, -2.9421329498291
 53.85290145874, -2.9659366607666
 53.857326507568, -2.9856491088867
 53.864116668701, -3.0068778991699
 53.872718811035, -3.0226135253906
 53.885803222656, -3.0236148834229
 53.903121948242, -3.0270481109619
 53.916625976562, -3.0169773101807
 53.919506072998, -3.0141735076904
 53.921661376953, -3.0095672607422
 53.9231300354, -3.0062484741211
 53.925838470459, -3.0059909820557
 53.926811218262, -3.0066204071045
 53.926811218262, -3.0066204071045
 53.928337097168, -3.0095958709717
 53.928337097168, -3.0095958709717
 53.926982879639, -3.0161762237549
 53.926963806152, -3.0161476135254
 53.927001953125, -3.0161762237549
 53.927021026611, -3.0162334442139
 53.927021026611, -3.0162334442139
 53.926963806152, -3.0161762237549
 53.926963806152, -3.0161762237549
 53.926963806152, -3.0161762237549
 53.926963806152, -3.0161762237549
 53.926486968994, -3.0160045623779
 53.925399780273, -3.0188941955566
 53.924922943115, -3.0216693878174
 53.924655914307, -3.0242729187012
 53.924503326416, -3.0262184143066
 53.924369812012, -3.0297660827637
 53.924102783203, -3.0342578887939
 53.92219543457, -3.0368041992188
 53.920440673828, -3.0362606048584
 53.918495178223, -3.0356597900391
 53.917026519775, -3.0351448059082
 53.915386199951, -3.0346012115479
 53.91393661499, -3.033971786499
 53.912372589111, -3.0344867706299
 53.910808563232, -3.0350589752197
 53.909397125244, -3.0355167388916
 53.907203674316, -3.0362892150879
 53.905544281006, -3.0368614196777
 53.903884887695, -3.0374908447266
 53.901538848877, -3.0382919311523
 53.900127410889, -3.0387783050537
 53.898315429688, -3.0394077301025
 53.897243, -3.03949
 53.897243, -3.03949
 53.893169, -3.040037
 53.890469, -3.039941
 53.886726, -3.040402
 53.883644, -3.039662
 53.883666992188, -3.0398368835449
 53.880157470703, -3.0392074584961
 53.87996673584, -3.0392646789551
 53.878879547119, -3.03955078125
 53.877143859863, -3.0397510528564
 53.87674331665, -3.0386352539062
 53.87544631958, -3.0384349822998
 53.874130249023, -3.0384349822998
 53.872509002686, -3.0385494232178
 53.872451782227, -3.0403804779053
 53.871784210205, -3.0425834655762
 53.870124816895, -3.041467666626
 53.868885040283, -3.0396366119385
 53.86697769165, -3.0389785766602
 53.865852355957, -3.0390930175781
 53.864784240723, -3.0389213562012
 53.863735198975, -3.0387210845947
 53.863086700439, -3.0386924743652
 53.861503601074, -3.0386924743652
 53.860168457031, -3.0395793914795
 53.858661651611, -3.0402374267578
 53.857517242432, -3.0403804779053
 53.855476379395, -3.0406093597412
 53.854236602783, -3.0407524108887
 53.852691650391, -3.0409526824951
 53.851356506348, -3.0408382415771
 53.848724365234, -3.0412101745605
 53.845653533936, -3.0414390563965
 53.843078613281, -3.0412673950195
 53.841018676758, -3.0417537689209
 53.838920593262, -3.0426692962646
 53.83695602417, -3.0418968200684
 53.835525512695, -3.0428981781006
 53.835144042969, -3.0457878112793
 53.834419250488, -3.0494499206543
 53.83337020874, -3.0527114868164
 53.832550048828, -3.05419921875
 53.831901550293, -3.0535697937012
 53.830986022949, -3.0530548095703
 53.830375671387, -3.0529975891113
 53.82984161377, -3.0531978607178
 53.826904296875, -3.0539989471436
 53.824844360352, -3.0545425415039
 53.822345733643, -3.0527973175049
 53.820304870605, -3.0510234832764
 53.819007873535, -3.0547428131104
 53.818340301514, -3.0550575256348
 53.817653656006, -3.0548572540283
 53.817386627197, -3.052396774292
 53.815536499023, -3.0516242980957
 53.814945220947, -3.052453994751
 53.81519317627, -3.0545425415039
 53.815937042236, -3.0548000335693
