 51.462020874023, -0.96596717834473
 51.462001800537, -0.96596717834473
 51.462364196777, -0.96625328063965
 51.461162567139, -0.96771240234375
 51.461143493652, -0.96776962280273
 51.460037231445, -0.96814155578613
 51.457710266113, -0.96808433532715
 51.457958221436, -0.96980094909668
 51.457977294922, -0.97234725952148
 51.457767486572, -0.9722900390625
 51.455268859863, -0.97517967224121
 51.454181671143, -0.97434997558594
 51.453094482422, -0.97294807434082
 51.452007293701, -0.9715747833252
 51.452407836914, -0.96985816955566
 51.452236175537, -0.96805572509766
 51.451091766357, -0.96745491027832
 51.449604034424, -0.96651077270508
 51.448650360107, -0.96633911132812
 51.446285247803, -0.96585273742676
 51.444759368896, -0.96516609191895
 51.443214416504, -0.96476554870605
 51.442642211914, -0.96247673034668
 51.441040039062, -0.96244812011719
 51.438751220703, -0.96256256103516
 51.43590927124, -0.96264839172363
 51.433582305908, -0.96264839172363
 51.431446075439, -0.96213340759277
 51.429805755615, -0.96164703369141
 51.428451538086, -0.96113204956055
 51.426467895508, -0.96015930175781
 51.424865722656, -0.96013069152832
 51.424789428711, -0.96324920654297
 51.424751281738, -0.96725463867188
 51.424579620361, -0.96968650817871
 51.425495147705, -0.98050117492676
 51.441535949707, -0.97701072692871
 51.451930999756, -0.97758293151855
 51.45170211792, -0.97895622253418
 51.451301574707, -0.98153114318848
 51.450691223145, -0.98379135131836
 51.449966430664, -0.98642349243164
 51.449394226074, -0.98902702331543
 51.448669433594, -0.9931468963623
 51.448097229004, -0.99529266357422
 51.447505950928, -0.99826812744141
 51.446990966797, -1.0008430480957
 51.446514129639, -1.003246307373
 51.445941925049, -1.0062503814697
 51.445922851562, -1.0084819793701
 51.445465087891, -1.0130882263184
 51.444759368896, -1.0155200958252
 51.444282531738, -1.0184097290039
 51.444320678711, -1.021671295166
 51.44416809082, -1.0254764556885
 51.44380569458, -1.0277080535889
 51.443481445312, -1.0287094116211
 51.443481445312, -1.0287094116211
 51.443481445312, -1.0287094116211
 51.443481445312, -1.0287094116211
 51.44245, -1.0416
 51.442394256592, -1.0420417785645
 51.442165374756, -1.0457038879395
 51.441898345947, -1.0467052459717
 51.441898345947, -1.0467052459717
 51.440124511719, -1.0634422302246
 51.437587738037, -1.0722255706787
 51.437816619873, -1.0742282867432
 51.437034606934, -1.0763740539551
 51.436538696289, -1.0795783996582
 51.435775756836, -1.0835266113281
 51.435775756836, -1.0835266113281
 51.435489654541, -1.0842704772949
 51.435489654541, -1.0842704772949
 51.404800415039, -1.1327075958252
 51.397075653076, -1.1584854125977
 51.396751403809, -1.1870098114014
 51.397686004639, -1.2217998504639
 51.403617858887, -1.2456607818604
 51.403636932373, -1.2498092651367
 51.403732299805, -1.2537860870361
 51.403675079346, -1.2571620941162
 51.403579711914, -1.2612533569336
 51.403942108154, -1.2646293640137
 51.404800415039, -1.2682914733887
 51.405162811279, -1.2717247009277
 51.405239105225, -1.2768173217773
 51.405506134033, -1.2804508209229
 51.40604019165, -1.2837409973145
 51.40510559082, -1.2870025634766
 51.4035987854, -1.3043975830078
 51.403503417969, -1.3053131103516
 51.403923034668, -1.3085174560547
 51.40474319458, -1.3113784790039
 51.405982971191, -1.3154411315918
 51.406669616699, -1.3181591033936
 51.406383514404, -1.3205337524414
 51.405963897705, -1.3230514526367
 51.40588760376, -1.3236522674561
 51.405467987061, -1.3249397277832
 51.404647827148, -1.3247108459473
 51.403713226318, -1.3245677947998
 51.403713226318, -1.3245677947998
 51.403713226318, -1.3245677947998
 51.403713226318, -1.3245677947998
 51.3842258, -1.317244
 51.384334564209, -1.3185024261475
 51.384220123291, -1.3169288635254
 51.383266448975, -1.3175582885742
 51.383285522461, -1.3189601898193
 51.382713317871, -1.3189601898193
 51.382751464844, -1.3189315795898
 51.382732391357, -1.3188743591309
 51.382808685303, -1.3189315795898
 51.382846832275, -1.3189601898193
 51.382827758789, -1.3189601898193
 51.382789611816, -1.3189888000488
 51.38298034668, -1.3188457489014
 51.382999420166, -1.3189029693604
 51.383781433105, -1.3187599182129
 51.384296417236, -1.3173866271973
 51.383762359619, -1.3207626342773
 51.37580871582, -1.3186740875244
 51.371955871582, -1.2815952301025
 51.368312835693, -1.2743282318115
 51.353530883789, -1.2567043304443
 51.334686279297, -1.2586498260498
 51.325378417969, -1.2337875366211
 51.315441131592, -1.2061214447021
 51.29919052124, -1.1830615997314
 51.289653778076, -1.1566543579102
 51.279144287109, -1.1269569396973
 51.269187927246, -1.1103343963623
 51.266803741455, -1.0892200469971
 51.266803741455, -1.0892200469971
 51.266803741455, -1.0892200469971
 51.266803741455, -1.0892200469971
 51.266803741455, -1.0892200469971
 51.26234, -1.08893
 51.26192, -1.09075
 51.261425018311, -1.0925674438477
 51.260204315186, -1.0944843292236
 51.258640289307, -1.0966873168945
 51.258182525635, -1.0976600646973
 51.257076263428, -1.0998916625977
 51.255912780762, -1.1019802093506
 51.254768371582, -1.1032962799072
 51.253719329834, -1.106128692627
 51.252822875977, -1.107702255249
 51.252212524414, -1.1087608337402
 51.251811981201, -1.109561920166
 51.251258850098, -1.1104774475098
 51.245956420898, -1.124153137207
 51.245956420898, -1.124153137207
 51.229362487793, -1.1477279663086
 51.208400726318, -1.1816883087158
 51.191444396973, -1.2073802947998
 51.168422698975, -1.2283802032471
 51.146850585938, -1.2462329864502
 51.123847961426, -1.2660026550293
 51.100540161133, -1.2856578826904
 51.090660095215, -1.2946701049805
 51.090660095215, -1.2946701049805
 51.090660095215, -1.2946701049805
 51.086463928223, -1.3036823272705
 51.082401275635, -1.3064861297607
 51.077651977539, -1.3092041015625
 51.075344085693, -1.3108062744141
 51.074504852295, -1.3118076324463
 51.073169708252, -1.3134384155273
 51.071815490723, -1.314582824707
 51.07141494751, -1.3148403167725
 51.069068908691, -1.3150405883789
 51.066780090332, -1.3153553009033
 51.065769195557, -1.3144397735596
 51.065311431885, -1.3118934631348
 51.064968109131, -1.3100910186768
 51.062660217285, -1.3081169128418
 51.061382293701, -1.3096904754639
 51.061973571777, -1.3120079040527
 51.062698364258, -1.3151550292969
 51.062755584717, -1.3152980804443
 51.062831878662, -1.3158416748047
 51.062850952148, -1.3158702850342
 51.062908172607, -1.3159275054932
 51.063995361328, -1.3197612762451
 51.065979003906, -1.3195610046387
 51.067161560059, -1.3179874420166
 51.069049835205, -1.3182735443115
 51.070957183838, -1.3179016113281
 51.070804595947, -1.3178157806396
 51.070823669434, -1.3178157806396
 51.070823669434, -1.3177013397217
 51.070823669434, -1.3177013397217
 51.070823669434, -1.3177299499512
 51.070804595947, -1.3177585601807
 51.070861816406, -1.3177871704102
 51.070823669434, -1.3177585601807
 51.070823669434, -1.3177585601807
 51.070880889893, -1.3177871704102
 51.07084274292, -1.3177585601807
 51.070823669434, -1.3177871704102
 51.070823669434, -1.3177585601807
 51.070861816406, -1.3178443908691
 51.070899963379, -1.3178157806396
 51.07084274292, -1.3177585601807
 51.07084274292, -1.3177585601807
 51.07084274292, -1.3177871704102
 51.070804595947, -1.3177585601807
 51.07084274292, -1.3178157806396
 51.070823669434, -1.3177871704102
 51.070880889893, -1.3179302215576
 51.070785522461, -1.3177299499512
 51.071586608887, -1.3199329376221
 51.071910858154, -1.3201332092285
 51.075115203857, -1.3226509094238
 51.075706481934, -1.3231086730957
 51.091632843018, -1.3357543945312
 51.107540130615, -1.3443660736084
 51.131534576416, -1.3451671600342
 51.170310974121, -1.3403034210205
 51.176357269287, -1.3485717773438
 51.182422637939, -1.3872814178467
 51.192760467529, -1.4215278625488
 51.202793121338, -1.4500522613525
 51.214485168457, -1.4632415771484
 51.212558746338, -1.4840412139893
 51.211452484131, -1.4830112457275
 51.213150024414, -1.4810657501221
 51.2131690979, -1.4810943603516
 51.213207244873, -1.4811515808105
 51.213188171387, -1.4811229705811
 51.213150024414, -1.4813232421875
 51.213226318359, -1.4812660217285
 51.213207244873, -1.4812088012695
 51.213207244873, -1.48118019104
 51.213264465332, -1.48118019104
 51.213130950928, -1.4812660217285
 51.213188171387, -1.481294631958
 51.213130950928, -1.481294631958
 51.212768554688, -1.4810371398926
 51.211814880371, -1.4822101593018
 51.21129989624, -1.4818954467773
 51.210060119629, -1.4790916442871
 51.209106445312, -1.4810371398926
 51.205902099609, -1.4824962615967
 51.205997467041, -1.4826107025146
 51.206493377686, -1.4858722686768
 51.206607818604, -1.4889907836914
 51.206722259521, -1.490535736084
 51.207275390625, -1.494312286377
 51.207466125488, -1.4973735809326
 51.207885742188, -1.5006637573242
 51.208744049072, -1.5043258666992
 51.209354400635, -1.5077304840088
 51.209659576416, -1.5095329284668
 51.210479736328, -1.5127372741699
 51.21072769165, -1.5170001983643
 51.215419769287, -1.5327930450439
 51.221981048584, -1.5599155426025
 51.237525939941, -1.5847206115723
 51.251640319824, -1.6009140014648
 51.252059936523, -1.6028308868408
 51.252784729004, -1.6060066223145
 51.253337860107, -1.6080665588379
 51.253337860107, -1.6080665588379
 51.253337860107, -1.6080665588379
 51.253337860107, -1.6080665588379
 51.253337860107, -1.6080665588379
 51.25325, -1.60776
 51.25403, -1.61138
 51.254329681396, -1.6274356842041
 51.251850128174, -1.6349601745605
 51.244277954102, -1.6558742523193
 51.242485046387, -1.6589641571045
 51.242198944092, -1.6597938537598
 51.241149902344, -1.6644287109375
 51.240463256836, -1.6643714904785
 51.238059997559, -1.6639423370361
 51.236991882324, -1.6639709472656
 51.235542297363, -1.6637992858887
 51.234588623047, -1.6637134552002
 51.232032775879, -1.6635131835938
 51.23025894165, -1.6637706756592
 51.23025894165, -1.6637706756592
 51.202354431152, -1.6653442382812
 51.188793182373, -1.6852283477783
 51.180858612061, -1.7178726196289
 51.178340911865, -1.7550945281982
 51.175308227539, -1.7814445495605
 51.173820495605, -1.7798137664795
 51.173820495605, -1.7798137664795
 51.17115020752, -1.7790699005127
 51.170482635498, -1.7785835266113
 51.168441772461, -1.7756938934326
 51.159687042236, -1.7754936218262
 51.152744293213, -1.7763519287109
 51.12606048584, -1.7613315582275
 51.116390228271, -1.7442512512207
 51.1155128479, -1.7455673217773
 51.114730834961, -1.7475414276123
 51.113719940186, -1.7488861083984
 51.113719940186, -1.7488861083984
 51.109294891357, -1.7523765563965
 51.107807159424, -1.7539215087891
 51.106281280518, -1.7549514770508
 51.097888946533, -1.7586135864258
 51.088237762451, -1.7672252655029
 51.085643768311, -1.7755508422852
 51.084327697754, -1.7768955230713
 51.081790924072, -1.7794418334961
 51.080360412598, -1.7813014984131
 51.07889175415, -1.7826747894287
 51.076698303223, -1.7844486236572
 51.074752807617, -1.7859935760498
 51.075057983398, -1.7880821228027
 51.076183319092, -1.7917728424072
 51.076736450195, -1.7938899993896
 51.07608795166, -1.7963218688965
 51.076354980469, -1.7971515655518
 51.077861785889, -1.7972373962402
 51.08060836792, -1.7968654632568
 51.082782745361, -1.7973232269287
 51.08434677124, -1.7975521087646
 51.086673736572, -1.7981243133545
 51.086673736572, -1.7981243133545
