 51.480045318604, -0.020313262939453
 51.480045318604, -0.020370483398438
 51.480045318604, -0.020341873168945
 51.48136138916, -0.02589225769043
 51.473903656006, -0.024232864379883
 51.472148895264, -0.022716522216797
 51.471977233887, -0.02263069152832
 51.466178894043, -0.016679763793945
 51.464996337891, -0.014505386352539
 51.464214324951, -0.011186599731445
 51.463298797607, -0.010471343994141
 51.462020874023, -0.010213851928711
 51.46053314209, -0.010871887207031
 51.456909179688, -0.01373291015625
 51.453342437744, -0.016279220581055
 51.451168060303, -0.016851425170898
 51.449451446533, -0.016994476318359
 51.445159912109, -0.019741058349609
 51.443271636963, -0.020284652709961
 51.441440582275, -0.020456314086914
 51.438636779785, -0.019254684448242
 51.436729431152, -0.018424987792969
 51.43461227417, -0.017824172973633
 51.431179046631, -0.015649795532227
 51.430377960205, -0.014934539794922
 51.428775787354, -0.013360977172852
 51.427974700928, -0.01190185546875
 51.426906585693, -0.010042190551758
 51.426544189453, -0.0077247619628906
 51.42541885376, -0.0048637390136719
 51.423435211182, -0.0032329559326172
 51.421661376953, -0.0020599365234375
 51.419925689697, -5.7220458984375e-05
 51.4186668396, 0.0016021728515625
 51.41752243042, 0.0033473968505859
 51.417026519775, 0.004119873046875
 51.41695022583, 0.0042343139648438
 51.414318084717, 0.0070953369140625
 51.412658691406, 0.0083827972412109
 51.410961151123, 0.0097274780273438
 51.408443450928, 0.010957717895508
 51.400833129883, 0.016622543334961
 51.398868560791, 0.016880035400391
 51.398582458496, 0.015678405761719
 51.39591217041, 0.0092124938964844
 51.394062042236, 0.0058650970458984
 51.39310836792, 0.0031471252441406
 51.392612457275, 0.0018024444580078
 51.392612457275, 0.0018024444580078
 51.392612457275, 0.0018024444580078
 51.399441, -0.01577
 51.401169, -0.01813
 51.399154663086, -0.01164436340332
 51.399154663086, -0.01164436340332
 51.399154663086, -0.01164436340332
 51.399154663086, -0.01164436340332
 51.4067, -0.02821
 51.407032012939, -0.020112991333008
 51.407337188721, -0.022144317626953
 51.407642364502, -0.025491714477539
 51.40645980835, -0.028610229492188
 51.407508850098, -0.032987594604492
 51.407909393311, -0.035562515258789
 51.408462524414, -0.038366317749023
 51.408939361572, -0.04185676574707
 51.410236358643, -0.046119689941406
 51.411628723145, -0.048723220825195
 51.412982940674, -0.051069259643555
 51.415004730225, -0.052700042724609
 51.41637802124, -0.055389404296875
 51.417293548584, -0.057621002197266
 51.418704986572, -0.061283111572266
 51.42427444458, -0.066347122192383
 51.424598693848, -0.071039199829102
 51.421298980713, -0.072183609008789
 51.421298980713, -0.072126388549805
 51.421318054199, -0.072154998779297
 51.421318054199, -0.072183609008789
 51.421298980713, -0.072183609008789
 51.421279907227, -0.072154998779297
 51.421318054199, -0.072183609008789
 51.421279907227, -0.072183609008789
 51.421318054199, -0.072154998779297
 51.421298980713, -0.072154998779297
 51.421298980713, -0.072183609008789
 51.421298980713, -0.072183609008789
 51.421298980713, -0.072183609008789
 51.421241760254, -0.072240829467773
 51.41939163208, -0.07624626159668
 51.419677734375, -0.0787353515625
 51.4182472229, -0.080022811889648
 51.416778564453, -0.081338882446289
 51.414623260498, -0.083141326904297
 51.408748626709, -0.086517333984375
 51.405811309814, -0.08357048034668
 51.404571533203, -0.081768035888672
 51.403846740723, -0.081825256347656
 51.401519775391, -0.084114074707031
 51.398944854736, -0.087747573852539
 51.397476196289, -0.092668533325195
 51.398448944092, -0.094614028930664
 51.398754119873, -0.097274780273438
 51.398277282715, -0.10050773620605
 51.397399902344, -0.1036262512207
 51.396560668945, -0.10565757751465
 51.395816802979, -0.10808944702148
 51.394653320312, -0.11089324951172
 51.393527984619, -0.11343955993652
 51.392097473145, -0.11335372924805
 51.39030456543, -0.11220932006836
 51.388969421387, -0.11166572570801
 51.385326385498, -0.10963439941406
 51.384010314941, -0.1087474822998
 51.383113861084, -0.10760307312012
 51.38147354126, -0.1058292388916
 51.377735137939, -0.10233879089355
 51.376399993896, -0.1014518737793
 51.3747215271, -0.10087966918945
 51.372528076172, -0.10039329528809
 51.371440887451, -0.099563598632812
 51.371440887451, -0.099563598632812
 51.368026733398, -0.09913444519043
 51.368026733398, -0.09913444519043
 51.368026733398, -0.09913444519043
 51.369018554688, -0.10763168334961
 51.368980407715, -0.10768890380859
 51.368961334229, -0.1076602935791
 51.368980407715, -0.10760307312012
 51.368980407715, -0.10763168334961
 51.369018554688, -0.10763168334961
 51.369018554688, -0.10763168334961
 51.369018554688, -0.10763168334961
 51.368361324934, -0.10915310628696
 51.368361324934, -0.10915310628696
 51.368361324934, -0.10915310628696
 51.368361324934, -0.10915310628696
 51.368361324934, -0.10915310628696
 51.368361324934, -0.10915310628696
 51.368361324934, -0.10915310628696
 51.368361324934, -0.10915310628696
 51.368361324934, -0.10915310628696
 51.368361324934, -0.10915310628696
 51.368361324934, -0.10915310628696
 51.36905670166, -0.10800361633301
 51.370506286621, -0.11137962341309
 51.370697021484, -0.11218070983887
 51.368560791016, -0.11478424072266
 51.367530822754, -0.1164722442627
 51.367626190186, -0.12044906616211
 51.367645263672, -0.12399673461914
 51.368846893311, -0.13395309448242
 51.369438171387, -0.13698577880859
 51.368923187256, -0.14768600463867
 51.368427276611, -0.1505184173584
 51.367359161377, -0.15386581420898
 51.366748809814, -0.15629768371582
 51.365928649902, -0.15890121459961
 51.365356445312, -0.16081809997559
 51.365089416504, -0.1622486114502
 51.365051269531, -0.16490936279297
 51.36302947998, -0.17094612121582
 51.36302947998, -0.17094612121582
 51.36302947998, -0.17094612121582
 51.362819671631, -0.18339157104492
 51.361904144287, -0.18937110900879
 51.361885070801, -0.19420623779297
 51.36360168457, -0.19463539123535
 51.367130279541, -0.19598007202148
 51.371097564697, -0.19466400146484
 51.373958587646, -0.19509315490723
 51.37731552124, -0.19947052001953
 51.378936767578, -0.20058631896973
 51.380233764648, -0.19806861877441
 51.381969451904, -0.1948356628418
 51.383495330811, -0.19183158874512
 51.386184692383, -0.18693923950195
 51.388721466064, -0.18150329589844
 51.392440795898, -0.17626762390137
 51.393852233887, -0.17226219177246
 51.393890380859, -0.17231941223145
 51.394062042236, -0.17220497131348
 51.393985748291, -0.17217636108398
 51.394023895264, -0.17214775085449
 51.393928527832, -0.17214775085449
 51.393928527832, -0.17214775085449
 51.393928527832, -0.17214775085449
 51.393928527832, -0.17214775085449
 51.393928527832, -0.17214775085449
 51.393966674805, -0.17206192016602
 51.394729614258, -0.1735782623291
 51.399765014648, -0.17040252685547
 51.401290893555, -0.16825675964355
 51.402816772461, -0.1666259765625
 51.405124664307, -0.16456604003906
 51.40604019165, -0.16585350036621
 51.407699584961, -0.16942977905273
 51.409320831299, -0.17106056213379
 51.412715911865, -0.17852783203125
 51.414222717285, -0.17884254455566
 51.415920257568, -0.17815589904785
 51.416282653809, -0.18170356750488
 51.416091918945, -0.18442153930664
 51.416187286377, -0.18719673156738
 51.419067382812, -0.18725395202637
 51.421318054199, -0.18759727478027
 51.422996520996, -0.18799781799316
 51.424541473389, -0.18834114074707
 51.426486968994, -0.19037246704102
 51.42765045166, -0.1915168762207
 51.427669525146, -0.19509315490723
 51.427135467529, -0.20155906677246
 51.42786026001, -0.20373344421387
 51.429538726807, -0.20456314086914
 51.429882049561, -0.20776748657227
 51.427707672119, -0.21171569824219
 51.429710388184, -0.21243095397949
 51.43102645874, -0.21223068237305
 51.436290740967, -0.21377563476562
 51.436367034912, -0.21374702453613
 51.436309814453, -0.21374702453613
 51.43627166748, -0.21371841430664
 51.436309814453, -0.21380424499512
 51.43627166748, -0.21368980407715
 51.43741607666, -0.21323204040527
 51.438674926758, -0.21214485168457
 51.438980102539, -0.21205902099609
 51.441497802734, -0.20991325378418
 51.4430809021, -0.20842552185059
 51.444301605225, -0.20710945129395
 51.448936462402, -0.20321846008301
 51.449794769287, -0.2007007598877
 51.448612213135, -0.19623756408691
 51.448841094971, -0.19351959228516
 51.448974609375, -0.19028663635254
 51.448020935059, -0.18939971923828
 51.44588470459, -0.18928527832031
 51.444530487061, -0.19020080566406
 51.442966461182, -0.18917083740234
 51.441516876221, -0.18739700317383
 51.438484191895, -0.18679618835449
 51.436862945557, -0.18673896789551
 51.435203552246, -0.18576622009277
 51.432399749756, -0.17904281616211
 51.431713104248, -0.1764965057373
 51.428108215332, -0.1680850982666
 51.429100036621, -0.16688346862793
 51.430473327637, -0.16542434692383
 51.434650421143, -0.16156196594238
 51.435680389404, -0.15953063964844
 51.435070037842, -0.15718460083008
 51.433582305908, -0.15486717224121
 51.432723999023, -0.15337944030762
 51.43123626709, -0.14645576477051
 51.43102645874, -0.14433860778809
 51.43102645874, -0.14433860778809
 51.43102645874, -0.14433860778809
